-----------------------------ALNS 50-------------------------------------------------------
-----------------------------ALNS 100-------------------------------------------------------
-----------------------------ALNS 50-------------------------------------------------------
4646
data/PSC1-C1-50.txt 724399 724673 223.825 14.1923 2.5762
1293
data/PSC2-C1-50.txt 732788 733383 576.374 20.1933 3.16047
1237
data/PSC3-C1-50.txt 734487 734962 443.433 22.856 7.90734
1350
data/PSC4-C1-50.txt 725147 725291 117.576 20.5889 1.67675
1222
data/PSC5-C1-50.txt 719624 720202 486.857 21.4893 2.71114
1238
data/PSC1-C2-50.txt 492747 493072 447.401 20.4635 2.23642
1295
data/PSC2-C2-50.txt 494844 495193 211.747 30.3147 6.00557
1301
data/PSC3-C2-50.txt 495089 495578 285.165 21.3538 6.51827
1235
data/PSC4-C2-50.txt 492107 492593 258.888 26.872 3.59864
1334
data/PSC5-C2-50.txt 489625 490027 281.973 25.1313 1.43238
1227
data/PSC1-C3-50.txt 2688951 2.69076e+06 1133.38 37.1504 4.70668
1315
data/PSC2-C3-50.txt 2698204 2.69926e+06 614.484 38.2727 4.24367
1302
data/PSC3-C3-50.txt 2679550 2.68102e+06 1670.29 39.8111 5.73741
1301
data/PSC4-C3-50.txt 2694453 2.69516e+06 1375.45 39.1934 2.73384
1359
data/PSC5-C3-50.txt 2646182 2.64686e+06 973.722 41.161 6.10993
1301
data/PSC1-C4-50.txt 542572 544156 1610.09 25.9364 2.96887
1308
data/PSC2-C4-50.txt 539718 541154 1282.71 37.1704 7.53912
1293
data/PSC3-C4-50.txt 544684 546113 1064.41 24.988 8.82424
1269
data/PSC4-C4-50.txt 542152 542811 382.381 31.4859 4.88171
1300
data/PSC5-C4-50.txt 537782 538329 555.065 28.8069 3.05817
1321
data/PSC1-C5-50.txt 2775499 2.77696e+06 1275.67 24.6348 2.52175
1308
data/PSC2-C5-50.txt 2781496 2.78162e+06 130.504 34.7891 7.85935
1222
data/PSC3-C5-50.txt 2772128 2.77294e+06 737.825 20.9791 0.934447
1340
data/PSC4-C5-50.txt 2778064 2.77987e+06 1849.07 25.2087 3.06965
1283
data/PSC5-C5-50.txt 2741646 2.74202e+06 368.335 23.0474 1.35676
-----------------------------ALNS 100-------------------------------------------------------
5031
-----------------------------ALNS 100-------------------------------------------------------
4831
data/PSC1-C1-100.txt 1478888 1.48228e+06 1744.51 357.88 74.351
1421
data/PSC2-C1-100.txt 1467639 1.46896e+06 694.845 386.461 32.0412
1358
data/PSC3-C1-100.txt 1498690 1.5008e+06 2273.05 240.759 110.254
1337
data/PSC4-C1-100.txt 1463093 1.46441e+06 899.222 415.967 137.331
1389
data/PSC5-C1-100.txt 1495406 1.4963e+06 769.518 531.086 87.8147
2005
data/PSC1-C2-100.txt 975596 976126 499.905 531.431 103.439
1276
data/PSC2-C2-100.txt 971273 972525 678.418 223.538 68.8157
1350
data/PSC3-C2-100.txt 978128 979009 670.648 435.437 41.3119
1352
data/PSC4-C2-100.txt 976852 977614 626.258 247.092 89.283
1286
data/PSC5-C2-100.txt 947893 948656 730.72 260.844 71.2466
1311
-----------------------------ALNS 100-------------------------------------------------------
-----------------------------ALNS 50-------------------------------------------------------

-----------------------------ALNS 50-------------------------------------------------------
3018
data/PSC1-C1-50.txt 722178 723811 1055.52 43.4635 11.5755
3856
data/PSC2-C1-50.txt 733178 733505 202.853 56.1438 7.21759
3849
data/PSC3-C1-50.txt 733485 733914 527.033 69.1214 10.7383
2392
data/PSC4-C1-50.txt 725147 725291 117.576 56.3642 9.60208
2069
data/PSC5-C1-50.txt 719624 719817 238.524 51.7723 14.4141
2784
data/PSC1-C2-50.txt 492747 493574 737.565 49.6996 5.90052
2294
data/PSC2-C2-50.txt 494203 494994 481.901 63.7827 7.04585
3487
data/PSC3-C2-50.txt 495089 495612 577.58 64.7186 13.7808
4477
data/PSC4-C2-50.txt 492107 492185 155.2 54.8507 7.44494
3834
data/PSC5-C2-50.txt 489967 490250 146.402 54.1746 8.79076
3668
data/PSC1-C3-50.txt 2688951 2.69145e+06 1250.8 97.0078 8.73555
2734
data/PSC2-C3-50.txt 2697537 2.69882e+06 642.58 87.5168 6.96937
3978
data/PSC3-C3-50.txt 2679550 2.68098e+06 1588.97 96.9517 6.16347
2386
data/PSC4-C3-50.txt 2692662 2.6943e+06 936.896 94.3582 9.03328
2741
data/PSC5-C3-50.txt 2646182 2.64642e+06 234.474 90.4508 14.1734
-----------------------------ALNS 50-------------------------------------------------------
6095
data/PSC1-C1-50.txt 722178 723664 1212.4 14.5281 5.63753
1231
data/PSC2-C1-50.txt 732931 734193 1491.21 20.9899 3.879
1314
data/PSC3-C1-50.txt 733537 733917 366.359 28.163 6.059
1279
data/PSC4-C1-50.txt 725147 725291 117.576 20.8702 5.60926
1306
data/PSC5-C1-50.txt 719431 719959 531.157 23.127 5.57897
1382
data/PSC1-C2-50.txt 492747 493315 527.834 19.1654 2.36378
1286
data/PSC2-C2-50.txt 494533 495042 307.693 23.8985 1.6946
1248
data/PSC3-C2-50.txt 495089 495659 960.898 25.6361 6.57659
1292
data/PSC4-C2-50.txt 492107 492360 209.615 22.3587 2.31582
1254
data/PSC5-C2-50.txt 489625 490209 491.79 20.009 2.77822
1269
data/PSC1-C3-50.txt 2688951 2.68972e+06 940.3 47.1686 4.29464
1376
data/PSC2-C3-50.txt 2699106 2.70028e+06 1362.6 37.1071 3.21513
1285
data/PSC3-C3-50.txt 2678748 2.68081e+06 2125.74 40.2143 5.00924
1525
data/PSC4-C3-50.txt 2692470 2.6952e+06 1976.24 40.3668 5.09702
1390
data/PSC5-C3-50.txt 2646182 2.64692e+06 902.478 37.6002 4.2998
1255
data/PSC1-C4-50.txt 542572 543932 1143.21 27.034 3.88114
1304
data/PSC2-C4-50.txt 539718 541596 1056.77 24.4276 3.17438
1392
data/PSC3-C4-50.txt 547063 547243 131.783 28.5714 7.9444
1338
data/PSC4-C4-50.txt 542152 543434 808.549 32.2892 5.12256
1318
data/PSC5-C4-50.txt 538364 538729 306.341 27.6143 9.81895
1335
data/PSC1-C5-50.txt 2776873 2.77774e+06 655.564 24.4255 2.88118
1292
data/PSC2-C5-50.txt 2781496 2.78175e+06 375.663 34.1297 4.35911
1326
data/PSC3-C5-50.txt 2770786 2.77181e+06 689.387 19.2169 3.03091
1290
data/PSC4-C5-50.txt 2777427 2.77827e+06 498.629 26.8787 4.7078
1291
data/PSC5-C5-50.txt 2736656 2.73941e+06 1957.76 25.7149 4.43278
-----------------------------ALNS 100-------------------------------------------------------
5786
-----------------------------ALNS 50-------------------------------------------------------
4966
data/PSC1-C1-50.txt 722178 723976 993.557 11.8648 2.11899
1307
data/PSC2-C1-50.txt 733222 734394 791.201 11.2403 3.62294
1310
data/PSC3-C1-50.txt 733485 733934 391.555 14.59 2.09794
1320
data/PSC4-C1-50.txt 725387 725387 0 11.1283 2.00851
1290
data/PSC5-C1-50.txt 719593 719803 354.57 12.102 1.72972
1337
data/PSC1-C2-50.txt 493234 493723 439.027 11.0093 2.16112
1329
data/PSC2-C2-50.txt 494470 494781 299.969 13.4176 3.71307
1317
data/PSC3-C2-50.txt 495089 495693 812.769 13.5066 5.47796
1344
data/PSC4-C2-50.txt 492107 492624 356.945 11.0577 1.7939
1311
data/PSC5-C2-50.txt 489821 490057 153.357 11.4382 1.24127
1305
data/PSC1-C3-50.txt 2688960 2.69008e+06 1620.91 24.9984 0.943035
1323
data/PSC2-C3-50.txt 2698283 2.70076e+06 1905.38 21.0131 3.56153
1372
data/PSC3-C3-50.txt 2679550 2.68126e+06 1326.14 22.0421 1.713
1292
data/PSC4-C3-50.txt 2694483 2.69525e+06 732.437 20.7124 3.12138
1229
data/PSC5-C3-50.txt 2646460 2.6466e+06 175.383 20.01 1.74974
1320
data/PSC1-C4-50.txt 542787 544339 1809.36 13.3953 1.84719
1298
data/PSC2-C4-50.txt 539718 541941 1220.24 15.4314 1.51307
1337
data/PSC3-C4-50.txt 545272 546796 1832.89 18.4593 5.55011
1313
data/PSC4-C4-50.txt 542152 543387 976.814 15.3492 2.64347
1292
data/PSC5-C4-50.txt 538730 540598 2337.01 11.8455 1.84782
1326
data/PSC1-C5-50.txt 2776515 2.77754e+06 637.915 12.8449 0.560903
1291
data/PSC2-C5-50.txt 2781496 2.78301e+06 2533.54 18.6797 2.82111
1310
data/PSC3-C5-50.txt 2770553 2.77189e+06 866.146 14.9511 8.37172
1833
data/PSC4-C5-50.txt 2778221 2.77825e+06 48.4 12.6375 1.02737
1294
data/PSC5-C5-50.txt 2736656 2.7382e+06 1008.27 16.2491 2.41125
-----------------------------ALNS 100-------------------------------------------------------
1293
data/PSC1-C1-100.txt 1477562 1.4795e+06 1191.19 215.156 30.0163
1305
data/PSC2-C1-100.txt 1465851 1.46736e+06 1684.22 117.71 41.7483
1503
data/PSC3-C1-100.txt 1494985 1.49718e+06 1985.63 171.937 84.3303
1316
data/PSC4-C1-100.txt 1462666 1.46298e+06 379.787 158.144 23.4304
1324
data/PSC5-C1-100.txt 1492754 1.49445e+06 1333.66 175.804 53.8644
1234
data/PSC1-C2-100.txt 973556 974015 296.641 190.614 54.9608
1327
data/PSC2-C2-100.txt 968656 969756 695.858 151.039 36.1002
1238
data/PSC3-C2-100.txt 977211 977718 581.713 120.105 33.0467
1317
data/PSC4-C2-100.txt 976313 977022 636.055 184.395 32.8518
1355
data/PSC5-C2-100.txt 947453 949393 1052.6 179.699 28.0709
1920
data/PSC1-C3-100.txt 5300140 5.30137e+06 968.75 449.427 65.8743
1316
data/PSC2-C3-100.txt 5278561 5.27964e+06 778.276 482.242 47.6163
1354
data/PSC3-C3-100.txt 5228656 5.23001e+06 818.822 360.268 19.2558
1325
data/PSC4-C3-100.txt 5315664 5.31727e+06 1496.83 435.32 52.4371
1364
data/PSC5-C3-100.txt 5253802 5.25509e+06 1050.42 370.888 23.2763
1299
data/PSC1-C4-100.txt 1059646 1.06108e+06 765.786 216.773 26.38
1367
data/PSC2-C4-100.txt 1050643 1.05159e+06 926.275 233.605 55.3276
1310
data/PSC3-C4-100.txt 1059072 1.06273e+06 3749.86 195.553 55.542
1281
data/PSC4-C4-100.txt 1052487 1.05474e+06 2226.25 241.471 33.0322
1302
data/PSC5-C4-100.txt 1061811 1.06401e+06 1743.46 109.807 42.0015
1386
data/PSC1-C5-100.txt 5507208 5.50812e+06 809.607 294.447 93.1512
1257
data/PSC2-C5-100.txt 5482791 5.48433e+06 1083.43 233.05 76.6964
1322
data/PSC3-C5-100.txt 5449437 5.45182e+06 2614.39 208.199 46.8912
1290
data/PSC4-C5-100.txt 5517605 5.51842e+06 680.445 210.436 41.5413
1322
data/PSC5-C5-100.txt 5463695 5.46526e+06 1865.59 290.395 130.711
-----------------------------ALNS 50-------------------------------------------------------
1343
data/PSC1-C1-50.txt 722178 723732 1599.51 10.6584 4.36089
1318
data/PSC2-C1-50.txt 732369 734293 1118.82 12.402 4.00937
1330
data/PSC3-C1-50.txt 733551 734026 626.267 14.3778 5.24413
1238
data/PSC4-C1-50.txt 725147 725339 96 11.8749 1.35912
1324
data/PSC5-C1-50.txt 719431 719607 97.6922 13.8523 2.98931
1561
data/PSC1-C2-50.txt 492747 493282 388.725 14.6672 2.20902
1406
data/PSC2-C2-50.txt 494749 495090 402.752 16.6795 1.22265
1302
data/PSC3-C2-50.txt 495169 495571 305.457 9.86866 1.16511
1430
data/PSC4-C2-50.txt 492107 492700 919.835 12.0593 1.65355
1319
data/PSC5-C2-50.txt 489625 490143 282.305 13.3003 1.22428
1367
data/PSC1-C3-50.txt 2688963 2.69045e+06 1422.56 24.6598 2.43296
2084
data/PSC2-C3-50.txt 2698204 2.7001e+06 2002.62 25.7714 4.17413
1429
data/PSC3-C3-50.txt 2679964 2.68189e+06 1249.83 23.2889 2.47815
1334
data/PSC4-C3-50.txt 2693188 2.69389e+06 590.842 24.4828 3.60751
1403
data/PSC5-C3-50.txt 2646182 2.64778e+06 2040.6 24.6503 3.05656
1388
data/PSC1-C4-50.txt 542572 543077 646.806 16.7679 0.97152
1325
data/PSC2-C4-50.txt 539718 540399 835.018 16.2004 3.24645
1297
data/PSC3-C4-50.txt 544996 546090 859.845 19.6316 6.64205
1309
data/PSC4-C4-50.txt 542152 543148 938.043 20.4017 4.64093
1426
data/PSC5-C4-50.txt 537968 538726 574.821 14.3043 2.76125
1327
data/PSC1-C5-50.txt 2777490 2.77837e+06 606.89 13.4759 1.46924
1354
data/PSC2-C5-50.txt 2781496 2.78153e+06 47.4283 19.5438 2.37598
1420
data/PSC3-C5-50.txt 2768520 2.77157e+06 1729.39 15.0208 5.45008
1261
data/PSC4-C5-50.txt 2777307 2.77794e+06 530.862 17.8478 3.93569
1317
data/PSC5-C5-50.txt 2737602 2.73922e+06 1309.92 16.9199 1.84745
-----------------------------ALNS 50-------------------------------------------------------
data/PSC1-C1-50.txt 724571 730787 5564.32 4.84095 1.84699
data/PSC2-C1-50.txt 733893 738147 3360.84 9.35003 2.27204
data/PSC3-C1-50.txt 734487 741934 2615.43 6.78596 5.19478
data/PSC4-C1-50.txt 725147 728422 3640.05 9.24217 2.95764
data/PSC5-C1-50.txt 719624 722307 4120.19 8.37774 3.36796
data/PSC1-C2-50.txt 492747 493716 656.347 9.14099 0.937842
data/PSC2-C2-50.txt 494844 495326 360.779 11.4369 1.30485
data/PSC3-C2-50.txt 495089 495608 741.652 7.79497 1.3313
data/PSC4-C2-50.txt 492107 492338 288.722 10.3827 1.54578
data/PSC5-C2-50.txt 489625 490572 809.464 8.17785 1.3494
data/PSC1-C3-50.txt 2688951 2.69107e+06 2144.79 14.9169 1.70102
data/PSC2-C3-50.txt 2698264 2.70049e+06 1539.18 14.803 3.19794
data/PSC3-C3-50.txt 2678748 2.68193e+06 2333.61 13.989 1.48919
data/PSC4-C3-50.txt 2692470 2.69417e+06 1119.22 15.432 2.61504
data/PSC5-C3-50.txt 2646182 2.64664e+06 799.935 15.4246 2.53104
data/PSC1-C4-50.txt 542787 544534 1353.86 11.585 1.31511
data/PSC2-C4-50.txt 539718 541230 1299.02 15.4801 1.91547
data/PSC3-C4-50.txt 544996 547422 1497.48 12.3698 1.40793
data/PSC4-C4-50.txt 541849 544621 1580.13 16.4972 2.99671
data/PSC5-C4-50.txt 537904 539436 1355.49 9.64455 1.5937
data/PSC1-C5-50.txt 2775499 2.77789e+06 1828.42 9.61735 1.43579
data/PSC2-C5-50.txt 2781496 2.78192e+06 830.288 14.934 2.258
data/PSC3-C5-50.txt 2771912 2.77347e+06 1091.86 8.8038 1.38069
data/PSC4-C5-50.txt 2777827 2.77958e+06 1360.81 11.0658 2.28898
data/PSC5-C5-50.txt 2736656 2.74085e+06 2437.06 11.0833 2.28371
-----------------------------ALNS 50-------------------------------------------------------
data/PSC1-C1-50.txt 724399 731546 5916.43 16.67 5.56313
data/PSC2-C1-50.txt 733686 737152 3622.03 21.1145 4.57807
-----------------------------ALNS 50-------------------------------------------------------
data/PSC1-C1-50.txt 724399 730166 5924.47 8.0088 4.17866
data/PSC2-C1-50.txt 733123 735818 3144.44 15.1799 4.72167
data/PSC3-C1-50.txt 734177 741207 3417.79 11.1036 5.10201
data/PSC4-C1-50.txt 725147 729910 3797.54 13.8504 3.16616
-----------------------------ALNS 50-------------------------------------------------------
data/PSC1-C1-50.txt 724571 730726 5681.55 5.45677 3.15035
data/PSC2-C1-50.txt 733963 736075 2372.7 6.65122 1.63244
data/PSC3-C1-50.txt 734177 741558 3380.81 7.49003 5.09715
data/PSC4-C1-50.txt 725297 728429 3767.23 9.66205 3.23563
data/PSC5-C1-50.txt 719624 721080 745.101 6.92847 3.26077
data/PSC1-C2-50.txt 492747 493992 1234.94 7.93997 0.71431
data/PSC2-C2-50.txt 495307 495626 277.388 10.9792 1.2568
data/PSC3-C2-50.txt 495089 495990 1171.82 7.0505 0.779068
-----------------------------ALNS 50-------------------------------------------------------
-----------------------------ALNS 50-------------------------------------------------------
data/PSC1-C1-50.txt 724519 730833 5517.51 8.31394 4.24272
data/PSC2-C1-50.txt 733394 737422 3952.53 11.103 3.09204
data/PSC3-C1-50.txt 734177 741290 3319.92 9.2634 5.25987
data/PSC4-C1-50.txt 725147 728684 3707.5 9.73959 1.03902
data/PSC5-C1-50.txt 720271 721202 667.098 9.07973 3.20192
data/PSC1-C2-50.txt 492747 493786 895.845 12.2174 1.23518
data/PSC2-C2-50.txt 494844 495414 567.675 14.8843 1.40067
data/PSC3-C2-50.txt 495089 495928 822.682 9.84709 1.70076
data/PSC4-C2-50.txt 492107 492740 815.61 11.9861 1.27299
data/PSC5-C2-50.txt 489625 490783 763.67 11.893 1.41077
data/PSC1-C3-50.txt 2688960 2.69038e+06 1486.89 21.6662 2.20427
data/PSC2-C3-50.txt 2698204 2.70019e+06 1719.75 20.1693 1.96973
data/PSC3-C3-50.txt 2679964 2.68118e+06 1384.41 21.3731 1.14161
data/PSC4-C3-50.txt 2694483 2.6949e+06 498.019 20.2739 2.22019
data/PSC5-C3-50.txt 2646182 2.64661e+06 451.798 20.7063 1.74151
data/PSC1-C4-50.txt 541803 544272 1872.34 14.4247 2.1936
data/PSC2-C4-50.txt 541063 542582 1530.13 18.7515 2.12328
data/PSC3-C4-50.txt 544996 546911 1796.85 12.9684 1.60034
data/PSC4-C4-50.txt 543062 544722 1032.58 17.345 1.82734
data/PSC5-C4-50.txt 537968 539248 922.057 13.4448 0.837609
data/PSC1-C5-50.txt 2776920 2.77823e+06 770.816 13.1502 0.621543
data/PSC2-C5-50.txt 2781496 2.7817e+06 206.489 18.0688 1.45644
data/PSC3-C5-50.txt 2772051 2.77268e+06 407.243 10.6888 1.29983
data/PSC4-C5-50.txt 2777427 2.77918e+06 1473.81 15.4535 1.4789
data/PSC5-C5-50.txt 2736656 2.74035e+06 2236.41 15.0678 2.70296
-----------------------------ALNS 50-------------------------------------------------------
data/PSC1-C1-50.txt 724926 730123 5583.88 6.03044 1.23208
data/PSC2-C1-50.txt 732754 738006 3818.55 10.3907 2.45279
data/PSC3-C1-50.txt 734687 741605 3513.17 9.54835 4.68672
-----------------------------ALNS 50-------------------------------------------------------
data/PSC1-C1-50.txt 724519 731510 5941.9 8.19689 3.14434
data/PSC2-C1-50.txt 733363 736222 3089.97 10.9488 2.05863
data/PSC3-C1-50.txt 734885 741323 3181.45 15.2253 2.39595
data/PSC4-C1-50.txt 725387 729710 3316.99 11.0985 2.97524
data/PSC5-C1-50.txt 719624 721003 1021.47 9.15608 4.26256
data/PSC1-C2-50.txt 492747 494259 875.309 11.3992 1.08122
-----------------------------ALNS 50-------------------------------------------------------
data/PSC1-C1-50.txt 724571 729446 4973.61 6.3878 1.58389
-----------------------------ALNS 50-------------------------------------------------------
data/PSC1-C1-50.txt 725022 731530 5965.41 4.4863 1.53853
data/PSC2-C1-50.txt 732781 736561 3193.75 7.00253 2.56615
data/PSC3-C1-50.txt 741515 742252 428.575 9.97596 3.5338
data/PSC4-C1-50.txt 725387 731781 3360.47 8.35133 2.99502
data/PSC5-C1-50.txt 719624 721582 4718.34 10.4861 2.30781
-----------------------------ALNS 50-------------------------------------------------------
752837
737239
end
756967
737646
end
756130
727134
end
729815
724399
end
732867
725022
end
data/PSC1-C1-50.txt 724399 730288 5912.96 8.23265 2.76191
761286
741345
end
763104
740477
end
741791
733352
end
766172
744614
end
773458
735402
end
data/PSC2-C1-50.txt 733352 739038 4099.65 13.97 2.81846
769288
734933
end
744393
734521
end
758795
734607
end
767685
734487
end
763276
734631
end
data/PSC3-C1-50.txt 734487 734636 157.798 9.25383 3.21956
734264
725387
end
751623
732876
end
754215
732876
end
754647
725147
end
756093
726038
end
data/PSC4-C1-50.txt 725147 728465 3613.51 11.6139 2.45308
735627
721284
end
738458
719701
end
740022
720078
end
733335
721927
end
736478
720356
end
data/PSC5-C1-50.txt 719701 720669 817.932 14.0603 1.45988
505678
494382
end
505663
493826
end
504189
494856
end
506115
492747
end
506094
-----------------------------ALNS 50-------------------------------------------------------
730765
724399
end
753158
737423
end
754721
-----------------------------ALNS 50-------------------------------------------------------
737509
end
725141
end
737239
end
737646
-----------------------------ALNS 50-------------------------------------------------------
end
end
-----------------------------ALNS 50-------------------------------------------------------
data/PSC1-C1-50.txt 725022 727853 4841.91 6.62394 1.21334
data/PSC2-C1-50.txt 734739 740069 2747.85 14.8935 2.30589
-----------------------------ALNS 50-------------------------------------------------------
data/PSC1-C1-50.txt 724498 727653 4910.41 7.11657 2.68816
data/PSC2-C1-50.txt 735257 738998 2857.61 12.2488 4.6781
-----------------------------ALNS 50-------------------------------------------------------
-----------------------------ALNS 50-------------------------------------------------------
725765741085-----------------------------ALNS 100-------------------------------------------------------
-----------------------------ALNS 100-------------------------------------------------------
data/PSC1-C1-100.txt 1477525 1.48031e+06 1804.43 421.158 71.4291
data/PSC2-C1-100.txt 1464625 1.46745e+06 2054.28 291.651 77.108
data/PSC3-C1-100.txt 1494594 1.49796e+06 2439.02 367.765 67.1429
data/PSC4-C1-100.txt 1462810 1.46338e+06 624.506 290.301 52.131
data/PSC5-C1-100.txt 1492542 1.49315e+06 444.996 270.789 52.0577
data/PSC1-C2-100.txt 973701 974336 621.314 355.447 70.5264
data/PSC2-C2-100.txt 968617 968918 279.121 261.294 32.7805
data/PSC3-C2-100.txt 976993 977659 719.162 224.108 42.0938
-----------------------------ALNS 100-------------------------------------------------------
data/PSC1-C1-100.txt 1477486 1.47985e+06 1298.72 282.473 47.451
data/PSC2-C1-100.txt 1464806 1.46831e+06 2253.49 268.342 101.464
data/PSC3-C1-100.txt 1495158 1.49747e+06 2011.01 361.32 99.7742
data/PSC4-C1-100.txt 1462309 1.46321e+06 551.184 312.378 127.859
data/PSC5-C1-100.txt 1492462 1.49385e+06 1003.21 219.192 113.9
data/PSC1-C2-100.txt 973556 974042 441.9 254.432 65.6252
data/PSC2-C2-100.txt 968652 970156 1245.26 179.161 20.7119
data/PSC3-C2-100.txt 976942 977529 524.247 162.915 28.6135
data/PSC4-C2-100.txt 975847 976659 1044 237.907 55.7399
data/PSC5-C2-100.txt 947219 948240 854.413 211.717 33.3173
data/PSC1-C3-100.txt 5298914 5.30031e+06 996.998 618.315 91.3386
data/PSC2-C3-100.txt 5276750 5.2808e+06 2390.12 572.787 64.1991
data/PSC3-C3-100.txt 5227517 5.23026e+06 1490.89 515.945 52.7958
data/PSC4-C3-100.txt 5315825 5.31803e+06 1276.44 594.331 46.6452
data/PSC5-C3-100.txt 5251169 5.25325e+06 1163.28 535.537 86.8498
data/PSC1-C4-100.txt 1058922 1.06163e+06 3416.09 271.64 82.1432
data/PSC2-C4-100.txt 1050643 1.05147e+06 670.532 279.797 53.3725
data/PSC3-C4-100.txt 1059254 1.06333e+06 2912.01 237.176 64.3072
data/PSC4-C4-100.txt 1053012 1.05481e+06 1086.29 241.165 43.8335
data/PSC5-C4-100.txt 1059397 1.06126e+06 1158.93 201.355 36.9401
data/PSC1-C5-100.txt 5507753 5.50914e+06 2868.82 269.073 45.9062
data/PSC2-C5-100.txt 5483083 5.48406e+06 1198.06 233.335 42.0455
data/PSC3-C5-100.txt 5448742 5.45216e+06 2649.94 181.527 43.4254
data/PSC4-C5-100.txt 5517864 5.51856e+06 513.188 208.748 52.0579
data/PSC5-C5-100.txt 5463544 5.46464e+06 1022.65 221.318 51.9108

-----------------------------ALNS 50-------------------------------------------------------
722439
724607
724242
725660
724647
723647
722524
722439
722178
722178
data/PSC1-C1-50.txt 722178 723456 1202.45 12.4512 2.40569
735744
732620
735644
733335
734032
733789
733214
732884
733013
732848
data/PSC2-C1-50.txt 732620 733712 1071.13 13.3589 3.91248
733732
734627
734627
733732
733790
733551
733743
733922
734177
734005
data/PSC3-C1-50.txt 733551 733991 357.521 17.0939 3.23045
725387
726844
725387
725387
725387
725387
725387
725147
725147
725147
data/PSC4-C1-50.txt 725147 725461 473.427 12.2173 2.9361
-----------------------------ALNS 50-------------------------------------------------------
seed: 5095
725022
722178
722439
722178
725321
724773
726190
724471
722439
722553
data/PSC1-C1-50.txt 722178 723756 1463.5 10.3132 2.85125
seed: 1344
733373
732781
732594
733499
732880
734943
732674
734033
732787
732708
data/PSC2-C1-50.txt 732594 733227 719.609 12.9845 3.28842
seed: 1382
733962
734152
733790
733582
733790
734053
733855
733732
733915
733732
data/PSC3-C1-50.txt 733582 733856 159.901 17.7238 5.05724
seed: 1384
725387
725387
725387
728373
725387
725387
725387
725387
725584
725147
data/PSC4-C1-50.txt 725147 725681 902.579 12.1701 2.29531
seed: 1393
719624
719431
719431
720746
719624
719431
719624
720184
719624
719624
data/PSC5-C1-50.txt 719431 719734 395.294 16.3184 2.38223
seed: 1542
493234
493148
493883
492747
493234
493525
493148
494453
493826
493234
data/PSC1-C2-50.txt 492747 493443 464.394 13.4373 1.65917
seed: 1407
494296
495597
495880
494296
494973
494742
494296
494844
494533
495002
data/PSC2-C2-50.txt 494296 494846 518.644 15.2205 2.26781
seed: 1309
495089
495409
495825
496354
497191
495927
498246
495089
495414
495825
data/PSC3-C2-50.txt 495089 496037 948.356 15.3837 7.05798
seed: 1337
492107
492595
492107
492595
492595
492107
492107
492107
492107
492495
data/PSC4-C2-50.txt 492107 492292 228.47 13.6053 1.42313
seed: 1433
490055
490345
489964
490345
489625
489625
489967
490828
489967
490345
data/PSC5-C2-50.txt 489625 490107 348.823 15.3761 2.44849
seed: 1329
2688951
2688951
2688960
2692078
2695010
2690458
2688960
2691959
2688951
2688960
data/PSC1-C3-50.txt 2688951 2.69032e+06 1973.91 27.7277 2.20728
seed: 1374
2699155
2699927
2699817
2699240
2699921
2697537
2702582
2699921
2700411
2699927
data/PSC2-C3-50.txt 2697537 2.69984e+06 1183.48 27.7667 3.94405
seed: 1368
2679550
2679924
2681851
2683714
2684036
2682348
2684235
2682042
2680260
2682355
data/PSC3-C3-50.txt 2679550 2.68203e+06 1602.48 28.4339 2.20813
seed: 1361
2692662
2694453
2695090
2695188
2694483
2694128
2693188
2694128
2696227
2692470
data/PSC4-C3-50.txt 2692470 2.6942e+06 1114.18 28.0459 2.35339
seed: 1498
2646460
2646182
2646182
2646969
2648679
2648679
2646460
2646182
2646460
2646818
data/PSC5-C3-50.txt 2646182 2.64691e+06 920.219 26.2477 3.86547
seed: 1491
544839
542758
544352
541803
547098
542758
542865
542572
543120
544340
data/PSC1-C4-50.txt 541803 543650 1460.59 18.0528 2.46528
seed: 1640
539718
541063
541037
541191
539718
539718
540599
540927
540330
542411
data/PSC2-C4-50.txt 539718 540671 806.055 24.0168 4.23072
seed: 1451
547252
547812
547143
545624
546241
545927
547017
548555
548904
546488
data/PSC3-C4-50.txt 545624 547096 1028.45 25.0903 8.14735
seed: 1495
543617
543617
543867
541849
543062
545099
542664
544124
545046
543062
data/PSC4-C4-50.txt 541849 543601 959.445 20.2406 3.6894
seed: 1445
539396
539380
542176
538543
538957
538543
538730
539049
540749
538730
data/PSC5-C4-50.txt 538543 539425 1104.81 17.3264 1.63749
seed: 1687
2779581
2778428
2777490
2777490
2776873
2778978
2776515
2777490
2777369
2782267
data/PSC1-C5-50.txt 2776515 2.77825e+06 1608.88 17.2528 1.94818
seed: 1958
2781496
2783139
2781780
2781563
2783906
2783316
2783424
2781671
2781496
2781496
data/PSC2-C5-50.txt 2781496 2.78233e+06 933.756 22.9094 6.27289
seed: 1507
2772419
2773465
2770844
2773465
2772372
2773293
2772336
2768520
2768882
2768512
data/PSC3-C5-50.txt 2768512 2.77141e+06 1955.87 23.5741 9.83842
seed: 1980
2778221
2778221
2778481
2778221
2777307
2778481
2779590
2779797
2778221
2778813
data/PSC4-C5-50.txt 2777307 2.77854e+06 684.92 21.1507 4.32716
seed: 1546
2739101
2736656
2738031
2737452
2737687
2738641
2738768
2737816
2739359
2739306
data/PSC5-C5-50.txt 2736656 2.73828e+06 849.194 22.185 4.95335
-----------------------------ALNS 100-------------------------------------------------------
-----------------------------ALNS 100-------------------------------------------------------
seed: 5320
1477562
1481722
1478486
1483278
1482137
1480713
1480320
1479617
1480809
1478368
data/PSC1-C1-100.txt 1477562 1.4803e+06 1722.83 341.66 84.2671
seed: 1569
1466372
1465704
1466195
1469945
1465002
1466721
1467066
1466375
1470719
1470377
data/PSC2-C1-100.txt 1465002 1.46745e+06 1977.16 246.367 35.6678
seed: 1470
1500268
1501016
1500849
1500005
1495644
1498461
1500371
1495885
1500409
1495747
data/PSC3-C1-100.txt 1495644 1.49887e+06 2135.96 287.365 78.0601
seed: 1364
1463262
1463535
1464019
1463614
1462722
1463171
1462728
1462309
1463114
1463147
data/PSC4-C1-100.txt 1462309 1.46316e+06 469.048 280.742 45.0874
seed: 1430
1492812
1492528
1494566
1493792
1494126
1492616
1493743
1493732
1492462
1495203
data/PSC5-C1-100.txt 1492462 1.49356e+06 887.128 223.432 59.0317
seed: 1519
973842
975181
974038
974834
973556
974609
974325
974057
974340
974053
data/PSC1-C2-100.txt 973556 974284 459.163 258.927 59.6024
seed: 1576
970093
968617
969785
968652
968652
969009
970093
968617
970011
969208
data/PSC2-C2-100.txt 968617 969274 621.084 205.616 30.815
seed: 1459
977808
976981
977734
978819
976942
977796
977525
976942
978841
977266
data/PSC3-C2-100.txt 976942 977665 667.021 173.584 35.5122
seed: 1538
978378
975900
977580
977395
976718
976038
976341
975900
976479
976270
data/PSC4-C2-100.txt 975900 976700 784.493 223.718 74.7639
seed: 1443
948946
948178
948013
948352
947219
949461
947219
947219
948605
950055
data/PSC5-C2-100.txt 947219 948327 923.948 199.984 47.0144
seed: 1400
5301356
5299913
5300509
5298851
5302245
5299445
5299913
5302000
5300173
5304319
data/PSC1-C3-100.txt 5298851 5.30087e+06 1544.48 530.652 100.899
seed: 1434
5279748
5279845
5278732
5277341
5277086
5282585
5279361
5280754
5277229
5279099
data/PSC2-C3-100.txt 5277086 5.27918e+06 1632.47 571.881 76.9163
seed: 1391
5231241
5233369
5227517
5228656
5227517
5229793
5227517
5231257
5227842
5234158
data/PSC3-C3-100.txt 5227517 5.22989e+06 2379.77 579.701 121.395
seed: 1789
5316902
5316872
5319583
5315266
5317012
5315533
5316585
5316323
5316905
5316425
data/PSC4-C3-100.txt 5315266 5.31674e+06 1102.46 495.747 45.6709
seed: 1465
5254734
5252955
5251422
5252349
5252349
5254565
5251910
5253455
5252538
5253386
data/PSC5-C3-100.txt 5251422 5.25297e+06 1026.74 477.27 50.8005
seed: 1468
1059502
1059633
1060935
1059683
1060070
1068759
1059921
1061303
1060017
1062083
data/PSC1-C4-100.txt 1059502 1.06119e+06 2644.81 258.594 78.1869
seed: 1437
1051365
1051073
1050929
1052895
1052953
1052061
1051340
1051479
1053155
1051919
data/PSC2-C4-100.txt 1050929 1.05192e+06 781.097 242.037 51.2867
seed: 1443
1064097
1060854
1062806
1067056
1062352
1069652
1061152
1066240
1067006
1060921
data/PSC3-C4-100.txt 1060854 1.06421e+06 2941.45 175.606 37.2488
seed: 1413
1054010
1053937
1055545
1053453
1053630
1053700
1054029
1055695
1054423
1056296
data/PSC4-C4-100.txt 1053453 1.05447e+06 949.508 255.973 62.8327
seed: 3989
1063339
1063359
1064084
1062037
1060049
1061484
1061607
1061489
1060313
1060429
data/PSC5-C4-100.txt 1060049 1.06182e+06 1321.32 208.353 45.662
seed: 1418
5508733
5507984
5507741
5508596
5508020
5507753
5517016
5507923
5507208
5507889
data/PSC1-C5-100.txt 5507208 5.50889e+06 2740.43 337.699 59.5091
seed: 1450
5487587
5485161
5485242
5485413
5485198
5483831
5484634
5483350
5484543
5485616
data/PSC2-C5-100.txt 5483350 5.48506e+06 1084.67 211.73 62.2467
seed: 1438
5452250
5455084
5452769
5450254
5453496
5455285
5447286
5447998
5453034
5455129
data/PSC3-C5-100.txt 5447286 5.45226e+06 2732.62 257.553 85.7459
seed: 1432
5518055
5519283
5520141
5519455
5517346
5518726
5518156
5519251
5520189
5519371
data/PSC4-C5-100.txt 5517346 5.519e+06 872.894 232.835 40.8301
seed: 1431
5465944
5464182
5464383
5466185
5465691
5464541
5467527
5465088
5463916
5464524
data/PSC5-C5-100.txt 5463916 5.4652e+06 1069.39 262.496 46.5172
-----------------------------ALNS 100-------------------------------------------------------
seed: 1284
seed: 1373
seed: 1320
seed: 1455
seed: 1335
seed: 1431
seed: 1474
seed: 1396
seed: 1389
seed: 1452
seed: 1440
seed: 1456
seed: 1423
seed: 1421
seed: 1383
seed: 1409
seed: 1455
seed: 1444
seed: 1380
seed: 1416
seed: 1381
seed: 1439
seed: 1503
seed: 1394
seed: 1447

-----------------------------ALNS 50-------------------------------------------------------
seed: 1711

722178 2.44987 722178 2.44987 722178

723966 15.5448 722178 15.5448 722178

725928 2.75978 722178 2.75978 722178

725022 1.39179 722178 1.39179 722178

722178 3.55572 722178 3.55572 722178

724331 17.8066 722178 17.8066 722178

724399 0.893865 722178 0.893865 722178

724756 2.45193 722178 2.45193 722178

722178 9.35454 722178 9.35454 722178

725307 15.3764 722178 15.3764 722178
data/PSC1-C1-50.txt 722178 722178 0 15.68 4.01777
seed: 1665

733628 1.45016 732194 1.45016 732194

733315 1.9264 732194 1.9264 732194

733588 9.64361 732194 9.64361 732194

732690 16.0717 732194 16.0717 732194

732369 2.47431 732194 2.47431 732194

734762 14.8162 732194 14.8162 732194

732817 1.45287 732194 1.45287 732194

-----------------------------ALNS 50-------------------------------------------------------
-----------------------------ALNS 50-------------------------------------------------------
seed: 5232
722439 9.29682 722178 9.29682
722178 16.3663 722178 16.3663
725307 1.21985 722178 1.21985
723000 8.0187 722178 8.0187
-----------------------------ALNS 50-------------------------------------------------------
seed: 5076
723966 1.76462 722178 1.76462
-----------------------------ALNS 50-------------------------------------------------------
seed: 1329
725022 1.2327 6.56066 722178 10.2477
724773 10.9016 12.2489 722178 13.5625
725384 1.08483 5.98206 722178 8.5717
723647 12.4783 13.7986 722178 14.8874
723966 2.72427 10.0349 722178 12.201
724623 8.29364 9.10983 722178 12.2149
724647 2.67693 10.1337 722178 13.9408
722439 3.59864 11.4347 722178 12.4033
722178 12.3185 13.7341 722178 15.1682
722178 14.0481 15.2894 722178 16.6512
data/PSC1-C1-50.txt 722178 722178 0 12.9849 2.27134
seed: 1475
733358 1.62497 9.9397 732194 20.7505
732595 1.59728 7.99362 732194 12.5699
733877 1.68041 8.79943 732194 16.2442
733419 1.5282 8.5664 732194 13.3132
733638 3.29659 14.3555 732194 20.3628
732725 2.78379 9.1771 732194 17.4254
734688 3.96412 14.1947 732194 23.1361
732708 9.41041 10.7321 732194 21.5949
733713 1.50804 13.6207 732194 20.2909
734056 2.05376 9.74302 732194 14.8317
data/PSC2-C1-50.txt 732194 732194 0 18.052 3.50108
seed: 1470
734177 10.0316 19.8591 733473 39.836
733915 4.52339 15.8432 733511 35.8571
733485 11.8587 17.7955 733473 37.8065
733672 17.6374 17.6405 733551 37.6497
733551 13.6979 16.5727 733473 36.5516
734177 9.95395 14.0838 733473 34.0686
741560 0.03166 15.5828 733473 35.5933
733933 10.777 18.4993 733485 38.4811
733524 16.7256 17.0686 733473 37.0794
734044 12.003 17.5252 733504 37.5187
data/PSC3-C1-50.txt 733473 733489 24.7081 37.0442 1.53765
seed: 1579
-----------------------------ALNS 50-------------------------------------------------------
seed: 1291
723682 8.23477 9.58266 722178 13.1465
722178 2.86127 11.731 722178 12.594
722439 3.74144 14.9168 722178 15.8274
723682 3.75411 12.4519 722178 14.8231
724435 19.7225 21.0401 722178 24.4807
724331 8.02517 15.079 722178 16.0269
722439 2.71981 10.2022 722178 11.0689
724074 5.73149 15.1701 722178 19.708
722439 2.86053 11.3093 722178 12.2093
724756 8.92582 10.2897 722178 14.2491
data/PSC1-C1-50.txt 722178 722178 0 15.4134 3.80972
seed: 1468
732842 3.05516 10.545 732194 22.6944
732886 14.4128 15.6535 732194 19.9737
733024 10.2605 13.1889 732194 16.7511
734987 2.0615 9.10931 732194 22.0131
732884 3.47539 10.4793 732194 14.4387
732781 3.44859 14.073 732194 22.9842
734354 2.13522 9.76859 732194 17.079
734869 5.52692 17.8369 732194 26.0207
733313 11.8224 12.7423 732194 24.0637
732886 2.8397 16.5651 732194 24.1969
data/PSC2-C1-50.txt 732194 732194 0 21.0216 3.60798
seed: 1479
733566 7.51737 14.2241 733473 52.471
734177 16.1364 17.2196 733473 58.8599
733652 6.79373 16.5949 733473 54.1496
733537 15.8987 16.2272 733473 56.1865
735196 7.95577 12.1982 733473 56.7324
734933 5.74792 9.37869 733473 50.3249
733732 10.0256 21.8124 733473 56.2821
733713 8.25235 21.5935 733473 60.3196
735206 17.9275 19.2116 733473 57.0991
733713 9.83599 14.6793 733473 49.7287
data/PSC3-C1-50.txt 733473 733473 0 55.2154 3.31593
seed: 1432
725387 13.7587 17.4364 725147 25.9863
725387 2.62339 11.4189 725147 20.1696
725387 5.03299 14.9517 725147 23.7117
725147 11.5036 12.4892 725147 15.1068
725387 2.92243 11.2235 725147 14.2907
725387 5.15989 14.0568 725147 17.1025
725387 2.36391 11.1567 725147 14.1797
725584 12.9403 13.9454 725147 20.3448
725387 11.8239 13.1947 725147 18.9301
725297 5.17386 14.6978 725147 19.9513
data/PSC4-C1-50.txt 725147 725147 0 18.9774 3.73175
seed: 1428
719624 5.60525 17.2522 719431 67.2234
720996 6.1577 16.4469 719431 57.0251
719701 4.3166 14.7528 719624 64.7652
719624 4.75589 11.8676 719624 61.874
719624 5.55221 16.9868 719624 66.9925
719431 4.61476 14.1831 719431 64.1876
719431 3.29653 13.1003 719431 63.1042
719624 5.647 17.6514 719624 67.6616
719624 4.1058 16.7619 719624 66.7669
719733 2.41069 17.3162 719431 67.3048
data/PSC5-C1-50.txt 719431 719528 96.5 64.6905 3.18048
seed: 1622
493883 3.73194 12.7497 492747 14.216
493883 3.31421 11.9305 492747 13.2568
493525 12.2734 14.475 492747 16.2152
493234 3.59718 17.0237 492747 18.3714
493826 4.20571 14.0407 492747 16.2368
493148 4.10458 15.2614 492747 16.5715
493826 2.0565 12.0092 492747 13.5577
492747 1.53482 10.7449 492747 12.2807
493234 5.01963 17.5254 492747 19.1492
492747 3.32898 12.8824 492747 14.4191
data/PSC1-C2-50.txt 492747 492747 0 15.4274 2.13768
seed: 1467
494958 12.2109 14.0405 494203 64.0497
494203 4.90607 16.2166 494203 61.6418
494470 4.16348 14.5642 494203 62.7277
494844 5.77406 19.8282 494203 69.8282
494973 8.3136 22.1039 494203 72.1064
494533 4.93393 17.0283 494203 67.034
494844 16.4807 18.7449 494203 64.1868
494844 5.8187 19.5203 494203 63.1567
494470 5.69983 18.5029 494203 60.0687
494978 12.4345 14.115 494203 64.1053
data/PSC2-C2-50.txt 494203 494203 0 64.8905 3.52635
seed: 1459
495414 1.72153 9.53041 495089 45.6874
495438 13.1742 14.4485 495089 49.6078
495930 2.27299 17.6424 495089 67.6538
495089 2.94092 11.9447 495089 50.7247
496340 1.70622 9.6402 495089 49.8389
495089 4.35507 12.2833 495089 52.5875
496943 2.29666 11.6085 495089 36.8513
495169 11.5864 13.1059 495089 51.8906
495927 3.53735 13.1972 495089 30.3532
495089 10.8408 12.2119 495089 45.032
data/PSC3-C2-50.txt 495089 495089 0 48.0227 9.41115
seed: 1536
492107 16.3467 17.8066 492107 62.6964
492107 4.49936 12.9649 492107 56.014
492495 5.96429 17.8726 492107 21.6229
492107 2.3776 11.716 492107 15.0178
492495 5.08316 18.0921 492107 21.8048
492637 3.79512 11.5087 492107 32.7433
492735 4.91823 12.6367 492107 62.6098
492107 3.50599 14.2877 492107 64.2944
492495 4.61174 17.4877 492379 67.4874
492107 4.81044 19.3532 492107 69.3629
data/PSC4-C2-50.txt 492107 492134 81.6 47.3654 20.7215
seed: 2275
490055 4.06461 29.3764 489625 35.9479
490345 11.0456 32.7678 489625 39.5499
490221 6.43705 27.4935 489625 32.4713
490345 23.1084 26.3981 489625 30.3367
489821 4.58401 29.0744 489624 35.5885
490591 5.82777 24.8498 489625 28.4407
489625 6.27496 29.4604 489625 33.0213
490345 4.88378 27.733 489625 31.2429
490345 9.64182 30.991 489625 34.3834
490053 5.27246 23.3873 489625 32.301
data/PSC5-C2-50.txt 489624 489625 0.3 33.3283 3.01436
seed: 2344
2688951 8.90391 48.4043 2688951 98.4304
2691229 14.4105 51.4453 2691019 101.432
2688963 15.0171 60.157 2688963 110.151
2688963 10.6618 69.5667 2688963 119.59
2688951 8.88556 46.0769 2688951 96.0841
2691019 15.8135 61.7608 2691019 111.712
2688963 45.2393 52.2207 2688963 102.207
2688951 40.9269 46.175 2688951 96.1696
2690360 12.7522 60.244 2690360 110.27
2692947 9.98564 45.2301 2692947 95.2478
data/PSC1-C3-50.txt 2688951 2.68991e+06 1316.63 104.129 7.8798
seed: 3906
2699788 55.3885 61.0756 2699788 111.099
2700780 11.5817 48.135 2700780 98.1465
2699921 12.0743 49.254 2699921 99.276
2699927 13.1163 49.413 2699927 99.429
2698242 17.4044 52.3378 2698242 102.301
2703114 20.3224 58.6114 2700388 108.626
2700868 8.61624 41.4074 2700868 91.4147
2700622 4.8872 23.1696 2700622 73.1762
2699921 6.9619 28.5716 2699921 78.5598
2700622 10.892 29.7717 2700622 79.7716
data/PSC2-C3-50.txt 2698242 2.70011e+06 729.591 94.18 12.3716
seed: 1434
2678748 27.1746 29.8966 2678748 79.8779
2679918 4.85495 24.0877 2679918 74.0971
2679964 9.64789 28.4771 2679964 78.4868
2679550 7.04595 27.5248 2679550 77.5201
2678748 9.2617 26.0802 2678748 76.0891
2679924 11.2546 28.3122 2679924 78.3231
2679511 25.9282 29.0446 2679511 79.0508
2679964 8.31456 28.8116 2679964 78.8078
2684963 4.20408 24.6707 2681462 74.6713
2684963 4.53755 25.1466 2681462 75.1457
data/PSC3-C3-50.txt 2678748 2.67993e+06 883.771 77.207 1.94108
seed: 1490
2695678 6.92529 29.074 2695678 79.0825
2695580 7.73592 28.8643 2695580 78.8518
2693384 8.97163 30.213 2692645 80.2215
2692662 5.30963 33.5392 2692662 83.5092
2692523 7.91794 28.9296 2692523 78.9204
2692662 8.95043 34.6941 2692662 84.6832
2695090 9.21096 33.1665 2695090 83.1724
2694483 7.61292 26.4392 2694483 76.4379
2692470 8.50326 27.9203 2692470 77.9182
2692662 8.63721 33.2577 2692601 83.2284
data/PSC4-C3-50.txt 2692470 2.69364e+06 1316.41 80.6026 2.67395
seed: 1458
2647090 4.46904 30.7917 2647090 80.7884
2646182 8.30578 28.4577 2646182 78.4295
2646460 30.9405 33.7897 2646460 83.7801
2646460 26.3213 29.282 2646460 79.277
2647090 8.6609 32.8017 2647090 82.8012
2648679 2.89902 21.0554 2647491 71.0394
2646460 20.7884 23.6648 2646460 73.6417
2648679 3.27827 21.2504 2647491 71.2429
2646460 4.24833 22.3726 2646460 72.3613
2651408 5.74439 24.5343 2647799 74.5396
data/PSC5-C3-50.txt 2646182 2.6469e+06 535.617 76.7901 4.56384
seed: 1635
545111 4.99881 14.9451 541803 28.1225
544442 5.02444 16.8079 541803 34.1682
542787 3.91892 18.9899 541803 66.794
544352 4.44046 14.375 541803 37.1781
542674 6.37662 18.3998 541803 26.2306
545111 4.06425 21.835 541803 36.1545
543374 2.93852 13.4867 541803 24.6401
542572 16.6043 18.4909 541803 68.0364
545450 17.529 19.7913 541802 41.1979
544442 3.35843 18.2404 541803 31.7088
data/PSC1-C4-50.txt 541802 541803 0.3 39.4231 14.8127
seed: 1429
542572 3.07975 14.2177 539718 56.7298
541418 5.62986 19.4709 541061 69.4
543732 4.54997 15.2337 539718 65.2405
541490 4.2576 15.5215 539718 44.1182
540599 19.5203 21.6135 539718 42.4456
539718 7.37475 17.6029 539718 60.4871
539718 4.69951 23.4486 539718 65.8954
541063 9.64858 22.1288 539718 72.1354
543085 4.12756 14.679 539718 48.1591
541267 8.13339 22.8752 539718 47.7372
data/PSC2-C4-50.txt 539718 539852 402.9 57.2348 10.4081
seed: 1519
546366 5.34909 15.5884 545446 65.6023
546000 9.32365 23.1818 544996 73.152
545736 5.9499 26.12 545186 76.0977
545272 3.64072 20.8219 544890 70.8309
548140 30.2713 32.4237 545862 82.3977
547252 13.9314 33.8539 547252 40.5232
546177 2.95927 15.9154 545186 65.5828
546257 9.74964 23.486 546257 73.5024
546431 4.11789 13.3316 546056 63.3178
546177 2.46635 13.8946 545259 63.8728
data/PSC3-C4-50.txt 544890 545639 690.929 67.488 10.6799
seed: 1598
543287 17.8889 19.7659 541848 45.0699
543240 7.1487 16.3288 541849 51.8639
543284 18.2614 20.013 541849 56.055
544124 4.41818 16.5262 541849 49.1031
543062 15.1018 16.9025 542185 66.9176
543284 4.59176 17.3097 541848 42.0458
546396 13.8814 15.5011 541849 52.5113
543287 14.1922 16.1638 541849 60.4296
543386 5.09062 21.4893 541849 58.0584
542835 21.4457 22.9689 541849 72.9828
data/PSC4-C4-50.txt 541848 541882 100.867 55.5038 9.05561
seed: 1540
538730 3.8894 14.4085 537782 55.7052
542266 2.64909 13.8709 537782 48.1499
538979 5.44193 26.4355 537782 40.1688
538543 3.00194 11.4728 537782 42.87
539718 3.78147 15.4313 537782 57.0853
539112 3.14731 15.4911 537782 41.1733
539112 3.97544 15.8388 537782 41.5128
539380 3.61012 16.7374 537781 60.3183
539266 2.33214 11.3056 537782 37.222
538809 4.04649 16.7334 537782 40.3531
data/PSC5-C4-50.txt 537781 537782 0.3 46.4559 7.8791
seed: 1390
2777924 4.75832 16.1553 2775499 66.1694
2778310 4.26173 14.99 2776675 65.0054
2779051 4.40212 14.0616 2776515 64.0719
2778708 2.30677 12.6752 2775499 62.6364
2777369 4.90379 15.8763 2776664 65.8753
2778094 3.68406 13.3225 2776543 63.2437
2777149 2.92644 15.753 2775499 65.7613
2777536 4.09927 17.6995 2775499 67.71
2777369 3.2063 12.7276 2777201 62.7078
2779206 3.26054 12.7886 2775499 62.7924
data/PSC1-C5-50.txt 2775499 2.77611e+06 635.18 64.5974 1.6762
seed: 1526
2781563 5.41891 18.732 2781563 68.7477
2781496 6.82426 19.8453 2781496 69.8351
2781612 9.20216 21.9981 2781563 72.0096
2781671 7.43056 17.2884 2781612 67.2953
2781780 6.915 22.031 2781563 72.0386
2781612 7.24242 20.1105 2781612 70.1338
2782032 5.25797 15.4222 2782032 65.4319
2783214 3.51931 14.1975 2782032 64.1975
2783316 4.30674 12.2558 2781563 62.2629
2781563 6.31953 19.5359 2781563 69.5454
data/PSC2-C5-50.txt 2781496 2.78166e+06 188.499 68.1498 3.12243
seed: 1478
2768987 10.2967 22.8777 2768987 72.8588
2768811 12.0784 27.3598 2768811 77.3722
2771404 14.0762 15.6535 2770296 65.6651
2772609 11.9455 13.6671 2767634 63.6506
2772396 4.27816 12.9298 2767634 62.9353
2770571 7.00784 22.5524 2768819 72.5604
2771334 4.58623 12.4932 2767634 62.4777
2768512 21.9368 24.1346 2768512 74.1447
2772323 7.46707 27.0244 2769094 76.9969
2770273 9.95812 25.0804 2769699 75.0842
data/PSC3-C5-50.txt 2767634 2.76871e+06 851.603 70.3746 5.70316
seed: 1411
2777827 6.9783 24.7705 2777827 74.7987
2777827 2.8328 13.579 2777827 63.5767
2778567 3.49415 17.652 2777307 67.6757
2778567 4.45002 17.9533 2777307 67.9676
2778933 1.97289 15.9781 2777804 65.981
2778221 6.89381 16.5451 2778221 66.5591
2777427 4.20204 17.8813 2777427 67.8984
2780942 2.97141 15.079 2778655 65.0913
2778388 3.12894 18.1775 2777427 68.1934
2780111 4.42553 13.108 2778655 63.1195
data/PSC4-C5-50.txt 2777307 2.77785e+06 488.286 67.0861 3.09876
seed: 1398
2739810 4.34415 17.9698 2735766 67.9738
2736646 6.42756 24.0949 2735729 74.0685
2738586 4.85855 19.2891 2737038 69.2881
2737602 4.57971 16.7719 2736126 66.7462
2741081 2.9148 13.9121 2736577 63.8793
2740619 15.3895 17.1516 2736371 67.1485
2738064 14.6384 16.2102 2736581 66.2064
2738064 5.48963 16.6666 2736581 66.624
2737602 5.05753 16.0195 2735742 66.0228
2737452 6.54322 21.0889 2736208 71.0089
data/PSC5-C5-50.txt 2735729 2.73627e+06 416.862 67.8967 2.75192
-----------------------------ALNS 100-------------------------------------------------------
seed: 5913
1480617 263.242 281.862 1477803 331.912
1480286 245.44 263.262 1478227 313.325
1479680 265.107 278.248 1477591 328.3
1482767 94.1762 224.837 1477517 274.88
1483367 153.852 391.025 1477398 441.051
1483649 287.082 305.973 1477398 355.945
1477752 88.8488 227.085 1477562 277.115
1482587 339.374 356.248 1477741 406.303
1484178 208.369 230.105 1478101 280.144
1482634 318.128 337.864 1477398 387.907
data/PSC1-C1-100.txt 1477398 1.47767e+06 279.621 339.688 54.6329
seed: 1890
1466602 193.996 207.939 1464618 257.955
1469150 230.058 249.019 1466187 299.065
1468552 71.0051 164.819 1464773 214.865
1466880 183.9 194.908 1464511 244.953
1465163 131.616 144.182 1464816 194.224
1468436 172.654 188.035 1466797 238.099
1467670 80.6952 206.082 1464511 234.023
1465704 66.4758 141.12 1464581 191.166
1470128 82.2274 177.251 1468371 227.296
1469158 56.6234 162.474 1468353 212.478
data/PSC2-C1-100.txt 1464511 1.46575e+06 1499.25 231.413 30.2793
seed: 1862
1495594 251.704 275.298 1494722 325.359
1496884 96.6667 240.572 1494722 290.624
1495234 196.146 215.355 1494653 265.375
1495911 33.4863 122.383 1495911 172.422
1495588 91.8666 251.008 1495588 301.055
1495350 140.987 158.489 1495350 208.55
1496040 115.656 233.963 1496040 284.008
1495609 184.108 200.326 1495328 250.372
1496727 235.407 253.213 1494722 303.28
1494857 37.1949 210.731 1494857 260.793
data/PSC3-C1-100.txt 1494653 1.49519e+06 500.171 266.184 44.0471
seed: 1621
1462608 38.852 143.171 1462608 193.206
1463579 78.8185 228.896 1462309 278.935
1462922 125.143 138.554 1462608 188.599
1463425 46.7799 185.44 1462309 235.449
1462852 58.1596 194.979 1462852 244.999
1462672 58.8505 206.39 1462309 256.44
1463483 242.326 257.543 1462989 307.589
1463620 59.4097 154.932 1462887 204.976
1462922 180.24 196.439 1462922 246.455
1462849 99.7131 196.835 1462309 243.321
data/PSC4-C1-100.txt 1462309 1.46261e+06 271.788 239.997 35.3713
seed: 1886
1493329 48.8289 185.189 1492756 235.259
1493294 29.6108 150.894 1492528 200.943
1493022 24.1686 116.222 1492486 166.271
1493391 41.3752 135.409 1492486 174.11
1492722 50.8789 150.922 1492486 196.267
1496000 29.8054 113.179 1492462 163.229
1493173 205.426 219.968 1492486 251.483
1495022 39.4948 142.06 1492486 175.132
1492812 63.0786 153.761 1492812 203.802
1496497 25.9888 120.39 1492462 156.33
data/PSC5-C1-100.txt 1492462 1.49254e+06 121.36 192.283 30.0216
seed: 1975
973920 234.292 254.83 973920 304.911
974340 127.361 250.054 974340 300.052
973501 123.478 344.839 973501 394.867
976161 229.956 247.276 974521 297.262
973713 102.656 215.496 973713 265.49
973920 113.271 261.879 973920 311.931
974217 287.178 321.302 973920 371.345
973836 342.474 361.499 973482 411.55
974480 40.0174 154.711 973762 204.771
974405 51.2203 188.449 973482 238.482
data/PSC1-C2-100.txt 973482 973856 335.236 310.066 63.0381
seed: 1789
968617 115.19 209.528 968617 259.589
969413 43.7853 157.852 969377 207.873
968617 75.0823 174.682 968617 224.684
968752 160.774 176.577 968752 226.518
968617 80.3137 193.503 968617 243.531
970059 220.159 238.215 970059 288.216
968889 212.342 232.556 968617 282.555
969876 197.937 216.733 969876 266.738
971470 212.591 233.396 969950 283.383
969208 82.6062 242.032 969208 292.037
data/PSC2-C2-100.txt 968617 969169 577.875 257.512 28.6676
seed: 2533
978128 77.5064 178.522 977887 228.557
979013 162.825 181.764 977036 231.827
976942 76.752 205.961 976887 255.97
977220 140.317 186.537 977220 236.566
980205 122.697 205.305 977626 255.332
977608 48.9167 163.888 977119 213.932
979604 90.0014 249.087 977127 298.999
977134 147.819 158.386 976942 208.406
976942 149.376 160.851 976942 210.898
977593 43.1354 178.546 977593 228.595
data/PSC3-C2-100.txt 976887 977238 326.161 236.908 25.9609
seed: 2184
975960 253.113 272.284 975960 322.335
976077 295.468 316.367 976077 366.392
977302 40.566 309.533 977302 359.58
976077 302.821 324.211 976077 374.278
975999 87.8452 254.706 975999 304.758
977626 155.16 305.905 976335 355.914
977214 113.424 226.536 976424 276.597
976261 95.8808 240.26 975900 290.287
976114 120.786 263.932 975900 313.974
976190 225.188 246.586 976190 296.628
data/PSC4-C2-100.txt 975900 976216 398.557 326.074 33.4258
seed: 2162
949567 72.9049 189.216 948838 239.294
948153 279.907 299.719 948153 349.734
947282 92.8343 231.395 947282 281.412
949901 134.19 246.642 949901 296.687
948178 103.963 203.696 948178 253.708
947765 54.8602 158.606 947765 208.187
947784 123.624 273.137 947784 322.988
947219 76.8904 209.634 947219 259.646
947219 46.031 222.143 947219 272.178
948885 114.321 302.454 948885 352.462
data/PSC5-C2-100.txt 947219 948122 827.156 283.63 44.8232
seed: 2312
5299996 248.206 538.616 5299996 588.717
5298181 168.686 439.815 5298181 489.831
5300045 596.199 651.79 5300045 701.814
5299312 176.432 562.68 5299312 612.715
5301027 141.13 473.852 5301027 523.91
5299683 114.391 372.786 5299683 422.809
5305544 68.9592 413.639 5305544 463.404
5299051 179.341 531.098 5299051 581.073
5301582 275.46 896.114 5301582 946.154
5299197 189.343 626.958 5299197 676.999
data/PSC1-C3-100.txt 5298181 5.30036e+06 1959.96 600.743 143.088
seed: 3020
5280161 122.278 414.105 5280161 464.177
5280190 158.865 480.437 5280190 530.489
5280562 93.5448 394.661 5280562 444.716
5280096 189.526 410.793 5280096 460.844
5279174 142.827 580.484 5279174 630.536
5280243 139.43 386.302 5280243 436.338
5280289 173.381 517.534 5280289 567.585
5280986 463.309 517.532 5280986 567.579
5281171 122.312 485.794 5281171 535.839
5278503 87.2339 342.549 5278503 392.599
data/PSC2-C3-100.txt 5278503 5.28014e+06 748.82 503.07 70.537
seed: 2537
5229793 143.133 429.391 5229793 479.459
5229567 109.358 482.344 5229567 532.397
5231535 119.563 418.925 5231535 468.976
5227517 161.255 546.068 5227517 596.125
5227517 73.158 429.393 5227517 479.418
5227517 68.2663 383.605 5227517 433.661
5228426 150.441 480.456 5228426 530.509
5229793 149.025 450.378 5229793 500.388
5229371 382.682 434.339 5229371 484.395
5230457 112.664 363.436 5230457 413.483
data/PSC3-C3-100.txt 5227517 5.22915e+06 1302.7 491.881 49.4966
seed: 1804
5322356 158.34 294.85 5322356 344.886
5317898 83.9346 415.428 5317898 465.48
5317112 117.762 514.113 5317112 564.163
5318220 96.0744 277.628 5318220 327.674
5317838 437.48 492.514 5317838 542.562
5317012 172.47 538.21 5317012 588.255
5315594 207.727 454.792 5315594 504.848
5317039 204.291 535.915 5317039 585.964
5319008 122.793 495.067 5319008 545.124
5317687 133.109 468.535 5317687 518.586
data/PSC4-C3-100.txt 5315594 5.31798e+06 1692.49 498.754 88.5691
seed: 1787
5253243 106.108 449.98 5253243 500.051
5254262 132.665 490.303 5254262 540.354
5254399 407.694 455.53 5254399 505.575
5252637 174.647 525.166 5252637 575.218
5253458 459.011 510.926 5253458 560.974
5255080 89.316 427.069 5255080 477.084
5253713 153.622 446.219 5253713 496.264
5254520 136.17 476.052 5254520 526.11
5253845 190.504 523.659 5253845 573.703
5253802 106.552 383.445 5253802 433.495
data/PSC5-C3-100.txt 5252637 5.2539e+06 665.316 518.883 43.0646
seed: 1618
1070030 123.661 280.601 1059755 330.678
1061016 58.4538 149.766 1060251 199.828
1059475 313.039 328.39 1059475 378.435
1061581 156.058 172.015 1059064 222.08
1059997 265.271 281.792 1059134 331.838
1059657 293.297 314.504 1059657 364.539
1061492 168.682 284.801 1059195 334.858
1062899 108.552 241.026 1059654 291.069
1069365 134.424 334.631 1068791 384.683
1059837 53.7411 247.095 1059837 297.139
data/PSC1-C4-100.txt 1059064 1.06048e+06 2791.09 313.515 59.1826
seed: 1879
1050929 212.436 229.092 1050929 279.148
1050929 105.859 216.236 1050929 266.275
1050553 91.101 217.595 1050553 267.659
1050929 75.0517 179.579 1050929 229.629
1051224 266.327 287.102 1051224 337.107
1051736 383.414 400.486 1051736 450.492
1050553 112.528 304.932 1050553 354.977
1051541 263.913 285.605 1051224 335.675
1050918 288.363 304.783 1050918 354.832
1054363 131.04 216.67 1051090 266.714
data/PSC2-C4-100.txt 1050553 1.05101e+06 327.245 314.251 61.6229
seed: 1690
1067545 316.646 337.153 1067545 387.202
1062100 146.879 242.899 1060894 292.92
1065430 111.818 224.402 1065430 274.447
1060784 145.693 319.653 1058993 369.715
1059826 67.1472 216.226 1059826 266.271
1061746 34.0254 109.132 1060485 159.193
1064777 187.153 202.227 1064777 252.254
1065628 211.176 381.332 1065628 431.334
1058920 45.2274 165.691 1058920 215.731
1066992 149.02 293.178 1063051 343.192
data/PSC3-C4-100.txt 1058920 1.06255e+06 2969.59 299.226 79.1335
seed: 1634
1054269 204.768 343.844 1054269 393.916
1053288 175.754 313.273 1053288 363.314
1053800 105.03 314.61 1052955 364.671
1054235 93.558 227.678 1054235 277.736
1057176 65.3212 183.656 1053395 233.72
1054558 105.806 316.178 1053399 366.245
1056586 77.3059 197.159 1055015 247.161
1055053 84.5739 201.247 1055053 251.312
1055831 143.686 276.519 1055236 326.568
1053038 60.6085 164.856 1053038 214.9
data/PSC4-C4-100.txt 1052955 1.05399e+06 839.32 303.954 62.6437
seed: 2203
1060456 117.036 225.304 1060456 275.36
1061580 97.8333 229.763 1061580 279.806
1061836 209.585 224.366 1059397 274.432
1062324 40.857 254.994 1062324 305.051
1064666 35.7987 125.315 1062298 175.377
1059423 60.8813 160.673 1059423 210.7
1061305 102.723 361.516 1059817 411.529
1060220 164.561 284.469 1060220 334.512
1062710 229.244 243.134 1059817 293.198
1061889 130.471 340.883 1060464 390.941
data/PSC5-C4-100.txt 1059397 1.06058e+06 1051.38 295.091 68.4871
seed: 2433
5507721 327.1 347.749 5507721 397.797
5508473 144.668 339.461 5508473 389.498
5508090 95.6488 288.917 5508090 338.971
5509832 205.245 224.813 5509344 274.849
5508754 183.52 200.219 5508754 250.26
5508208 311.765 332.428 5508208 382.489
5508020 179.91 202.019 5508020 252.083
5507936 218.989 239.759 5507936 289.793
5507816 295.076 317.516 5507816 367.56
5507208 153.692 275.519 5507208 325.554
data/PSC1-C5-100.txt 5507208 5.50816e+06 560.973 326.885 54.2156
seed: 1587
5485002 176.799 191.508 5485002 241.539
5482791 114.169 238.854 5482791 288.884
5483079 91.7585 232.424 5483079 282.46
5484340 267.421 281.334 5484340 331.366
5483506 89.2557 223.897 5483506 273.961
5486007 247.518 266.403 5484483 316.431
5485071 233.996 248.811 5485071 298.879
5485705 93.0839 277.897 5485521 327.956
5484439 88.2134 202.839 5484439 252.884
5483202 96.5868 188.225 5483202 238.27
data/PSC2-C5-100.txt 5482791 5.48414e+06 893.936 285.263 32.2834
seed: 1800
5450391 74.8265 146.46 5450391 196.482
5452902 148.785 281.718 5452902 331.785
5450573 93.9108 230.469 5450573 280.529
5453943 178.491 277.349 5453943 327.395
5455177 80.0711 90.1316 5455177 140.171
5447801 278.826 296.4 5447801 346.435
5453948 67.607 183.801 5453948 233.841
5454367 72.6136 159.592 5454367 209.621
5449499 21.9316 165.906 5449499 215.952
5446553 238.745 260.59 5446553 310.652
data/PSC3-C5-100.txt 5446553 5.45152e+06 2826.89 259.287 66.1091
seed: 2611
5518842 67.1387 182.603 5518842 232.678
5518121 159.322 467.705 5518121 517.721
5517513 89.0035 173.911 5517513 223.972
5519220 285.45 303.388 5519220 353.433
5517346 159.59 377.58 5517346 427.627
5518731 166.904 181.418 5518731 231.463
5519775 87.5888 194.552 5519775 244.538
5518462 261.022 276.438 5518462 326.451
5519433 106.542 369.472 5519433 419.531
5517666 95.2306 192.509 5517666 242.555
data/PSC4-C5-100.txt 5517346 5.51851e+06 795.624 321.997 99.0355
seed: 2126
5464877 225.373 241.665 5464877 291.739
5464657 83.6329 185.037 5464657 235.094
5464574 73.8009 178.222 5464574 228.278
5463701 326.251 343.308 5463701 393.366
5465077 199.634 214.487 5465077 264.549
5464677 83.9602 181.433 5464677 231.489
5464433 47.6951 151.921 5464433 201.979
5465317 109.051 211.257 5465317 261.254
5464564 76.6399 172.044 5464564 222.087
5463873 231.842 247.551 5463873 297.614
data/PSC5-C5-100.txt 5463701 5.46458e+06 467.746 262.745 52.3439
-----------------------------ALNS 100-------------------------------------------------------
seed: 3413
seed: 1326
seed: 1328
seed: 1332
seed: 1365
seed: 1344
seed: 1261
seed: 1314
seed: 1562
seed: 1493
seed: 1326
seed: 1383
seed: 1467
seed: 1374
seed: 1474
seed: 1468
seed: 1492
seed: 1352
seed: 2018
seed: 1455
seed: 1586
seed: 1449
seed: 1453
seed: 1466
seed: 1472
-----------------------------ALNS 100-------------------------------------------------------
seed: 2996
seed: 1422
seed: 1535
seed: 1345
seed: 1532
seed: 1487
seed: 1421
seed: 1449
seed: 1490
seed: 1263
seed: 1436
seed: 1329
seed: 1279
seed: 1334
seed: 1438
seed: 1318
seed: 1634
seed: 1259
seed: 1402
seed: 1326
seed: 1324
seed: 1408
seed: 1436
seed: 1339
seed: 1317
-----------------------------ALNS 100-------------------------------------------------------
seed: 3150
seed: 1413
seed: 1477
seed: 1432
seed: 1504
seed: 1314
seed: 1313
seed: 1541
seed: 1343
seed: 1478
seed: 1354
seed: 1350
seed: 1280
seed: 1336
seed: 1281
seed: 1271
seed: 1275
seed: 1305
seed: 1344
seed: 1316
seed: 1277
seed: 1334
seed: 1264
seed: 1272
seed: 1274
-----------------------------ALNS 50-------------------------------------------------------
seed: 2065
724501 3.05075 14.0608 722178 18.7212
725095 1.70606 8.57613 722178 11.34
724331 11.5745 21.6157 722178 22.6309
724620 11.4666 12.8726 722178 16.1421
726216 2.64898 8.6663 722178 12.3127
725808 4.75658 14.9285 722178 20.7852
725307 5.18215 11.5767 722178 15.4053
726951 8.0621 8.98561 722178 13.4354
722178 4.99079 13.6157 722178 14.3913
726504 4.91436 16.8059 722178 17.7313
data/PSC1-C1-50.txt 722178 722178 0 16.2895 3.48255
seed: 1510
733301 11.2341 12.7239 732194 24.2968
734299 7.09678 24.4379 732194 28.6801
733295 3.51207 16.0893 732194 20.6328
733404 9.89826 11.0129 732194 17.2622
732194 14.544 15.838 732194 19.9446
733697 13.5374 14.7018 732194 27.1842
732725 3.6961 14.8273 732194 26.7954
733799 10.0395 11.2642 732194 17.7356
734236 4.49795 11.2079 732194 14.0176
732892 2.96579 10.2681 732194 16.2627
data/PSC2-C1-50.txt 732194 732194 0 21.2812 4.87817
seed: 1513
733713 4.19362 18.0457 733473 57.9027
734885 8.71223 19.4816 733473 61.9218
734933 6.12746 6.98465 733473 56.1127
735718 12.4475 15.7319 733473 65.7435
733473 25.8962 26.6076 733473 62.1025
733473 9.43727 30.9464 733473 66.424
733658 10.3601 14.1677 733473 56.4426
734157 4.58276 20.8181 733473 53.8904
733880 14.1384 20.8085 733473 58.719
734177 13.1855 14.3263 733473 56.0064
data/PSC3-C1-50.txt 733473 733473 0 59.5266 4.08914
seed: 1926
725387 5.68481 15.8602 725147 25.0292
725387 3.02508 14.2936 725147 23.4684
726038 3.63537 10.7554 725147 14.3503
725297 13.3205 14.4704 725147 23.9538
725387 4.19244 14.8281 725147 21.0347
725387 3.48769 12.8928 725147 19.0709
725297 14.5042 15.66 725147 25.1687
725147 3.22735 11.9855 725147 16.2727
728378 3.1551 12.3276 725147 19.0852
728197 17.2864 18.3608 725147 24.7736
data/PSC4-C1-50.txt 725147 725147 0 21.2207 3.68969
seed: 1452
719659 10.9993 12.5514 719430 59.5738
720413 1.91177 8.36404 719431 41.2459
720271 1.86787 12.8183 719593 62.8293
719624 19.1661 20.4549 719624 70.4651
719701 5.76391 14.6503 719431 41.8902
720078 6.79273 18.7133 719646 68.7278
720413 1.40033 6.98805 719431 47.6451
719624 11.4761 12.7567 719593 62.7733
720413 2.27278 7.88536 719431 48.5151
719624 10.4488 24.6991 719624 74.7124
data/PSC5-C1-50.txt 719430 719523 93.72 57.8378 11.5564
seed: 2221
495110 4.68677 18.0434 492747 19.6232
493883 3.99603 12.8848 492747 14.6926
493234 15.0704 17.1439 492747 18.3764
493883 4.15758 13.0245 492746 14.3805
493826 17.382 18.9872 492747 20.628
493234 4.04287 17.0518 492747 18.4848
493234 6.51924 20.3366 492747 21.7526
493148 6.71662 16.7428 492747 18.3033
493234 3.93136 17.9487 492747 19.4501
496998 4.28316 14.0569 492747 17.1218
data/PSC1-C2-50.txt 492746 492747 0.3 18.2813 2.24086
seed: 1477
495068 16.9132 18.8982 494203 61.7086
495620 6.35811 25.2065 494203 70.1467
494554 15.5239 17.2173 494203 66.6789
495216 6.5157 17.8656 494203 64.8841
494296 7.09188 18.3663 494203 68.3777
494844 10.771 25.0977 494203 72.3158
495997 4.99278 16.5744 494203 66.5854
494786 4.01246 15.5692 494203 60.42
495693 5.74079 15.5923 494203 65.6045
494203 6.32514 18.2003 494203 67.1885
data/PSC2-C2-50.txt 494203 494203 0 66.391 3.38199
seed: 1530
495169 6.03381 15.2482 495089 65.2613
496986 4.53049 13.3183 495089 39.6247
495089 7.06597 18.6507 495088 56.2421
495169 5.22749 14.0231 495089 58.1683
497191 12.4319 36.5087 495089 59.9144
495089 11.404 12.7476 495089 43.757
495089 4.63761 12.8862 495089 43.9947
497520 3.2115 11.2129 495089 58.0739
495089 4.05808 12.7484 495089 56.0874
495089 4.81363 13.0168 495089 56.4542
data/PSC3-C2-50.txt 495088 495089 0.3 53.7578 7.88837
seed: 1429
492107 3.65478 13.7323 492107 58.8313
492495 3.4827 16.3009 492107 19.9519
492107 6.11411 15.2506 492107 18.4841
492595 5.52631 18.3057 492107 68.3159
492107 5.86283 14.8231 492107 64.8333
492107 17.395 18.8755 492107 68.8907
492107 3.6744 12.6911 492107 62.7063
492735 6.64518 22.2939 492107 72.3015
492107 7.79589 16.7484 492107 66.7529
492107 3.0937 14.8353 492107 64.839
data/PSC4-C2-50.txt 492107 492107 0 56.5907 19.0047
seed: 1541
489625 7.08006 18.4849 489625 20.2876
489625 15.0074 16.7142 489625 18.5163
489625 7.11989 19.5208 489625 21.3152
490765 17.6175 19.3765 489625 21.8891
490083 5.69915 16.7733 489625 18.7334
492268 4.75417 14.5865 489624 16.4615
489625 4.59803 15.1611 489625 16.8267
489625 14.4303 16.1254 489625 17.7864
489625 15.0348 16.7366 489625 18.4037
489625 5.06611 18.2808 489625 19.9462
data/PSC5-C2-50.txt 489624 489625 0.3 19.0166 1.71925
seed: 1475
2691229 8.65634 28.4206 2691229 78.4346
2688963 28.4332 32.3782 2688963 82.3893
2690900 9.04748 27.4154 2690900 77.4295
2688960 9.21198 32.0689 2688960 82.0829
2688951 8.43796 27.0669 2688951 77.1494
2693326 3.80133 22.0051 2691406 72.0184
2688960 6.31564 29.1945 2688960 79.2301
2688951 25.3298 28.316 2688951 78.3177
2692787 6.7785 28.6564 2690709 78.6639
2688960 9.23182 30.3627 2688960 80.3712
data/PSC1-C3-50.txt 2688951 2.6898e+06 1044.82 78.6087 2.77354
seed: 1504
2699817 12.3423 32.2268 2699817 82.2412
2702360 4.98855 22.9594 2702360 72.9674
2700110 9.12714 30.4723 2700110 80.4845
2698204 13.863 34.6637 2698204 84.6736
2699155 10.5768 34.0399 2699155 84.046
2700622 5.6006 26.8987 2699263 76.9117
2699927 27.2937 30.5095 2699927 80.5202
2700870 6.49477 25.9565 2700870 75.9689
2700622 11.1095 32.5732 2700622 82.5808
2702507 3.97615 24.3522 2702507 74.3605
data/PSC2-C3-50.txt 2698204 2.70028e+06 1293.38 79.4755 3.93318
seed: 1502
2682355 5.78931 28.341 2682355 78.355
2684963 6.06829 28.7958 2682450 78.8064
2679745 32.7476 36.0925 2679745 86.0984
2679473 33.2649 36.4664 2679473 86.4752
2680015 8.21857 26.3801 2680015 76.3911
2682355 6.02278 28.634 2682355 78.6397
2680546 9.67187 32.3277 2680546 82.3344
2680933 8.0033 28.2417 2679958 78.2504
2684963 4.47824 27.8792 2681462 77.8933
2679745 12.2175 33.8818 2679745 83.8952
data/PSC3-C3-50.txt 2679473 2.68081e+06 1156.39 80.7139 3.48063
seed: 1397
2692470 30.359 33.354 2692470 83.3685
2697627 4.61478 25.3507 2697627 75.3623
2695246 5.29664 28.3518 2695246 78.3612
2694128 7.4212 26.7129 2694128 76.7212
2694128 6.26678 25.5525 2694128 75.563
2695347 4.76821 32.3799 2695347 82.3894
2694483 7.35518 27.9219 2694483 77.9235
2694128 29.1915 32.2858 2694128 82.2963
2694483 8.02652 29.5185 2694483 79.5272
2696227 6.10507 25.8326 2693384 75.8417
data/PSC4-C3-50.txt 2692470 2.69454e+06 1296.77 78.7354 2.87743
seed: 1480
2646502 3.71227 23.8756 2646502 73.8796
2646460 5.96902 23.8899 2646460 73.8904
2646460 5.26091 23.2475 2646460 73.2604
2646969 29.8401 33.1993 2646969 83.211
2646182 9.22727 30.1741 2646182 80.1851
2648679 9.78775 26.0907 2648679 76.2118
2646502 7.28287 27.5793 2646502 77.5934
2646182 8.13404 28.8937 2646182 78.9051
2646460 31.042 34.1396 2646460 84.2273
2646182 8.36343 29.3192 2646182 79.3313
data/PSC5-C3-50.txt 2646182 2.64666e+06 709.026 78.0695 3.64615
seed: 1647
545466 4.33396 17.0383 541803 25.4821
542758 8.09053 22.2369 541803 32.8759
542758 7.19544 20.8397 541803 31.4566
545064 3.74912 14.2121 541803 24.6157
546030 7.03611 17.3315 541803 26.8042
542572 4.4903 16.9966 541803 31.3599
544904 6.57803 16.4902 541802 42.5489
547567 6.36787 18.1272 541803 38.9343
544202 7.14185 19.5244 541803 32.7088
546928 6.96411 17.6402 541803 37.5885
data/PSC1-C4-50.txt 541802 541803 0.3 32.4375 5.60948
seed: 1534
540330 6.19036 19.1961 539718 37.4392
543494 7.63752 20.4915 539718 62.4977
539718 8.40329 19.1093 539718 69.1213
542470 13.2959 27.0479 539718 58.0489
540330 10.2416 23.9573 539718 71.4834
541116 21.2459 23.3016 539718 54.8913
539915 22.1841 24.3404 539915 74.3518
540429 7.96924 22.0457 539718 46.773
541357 10.06 21.4901 539718 71.5018
539718 9.6175 21.0328 539718 71.0478
data/PSC2-C4-50.txt 539718 539738 59.1 61.7156 11.6878
seed: 1409
546253 3.78945 12.3118 545930 62.3285
547587 13.9408 15.5767 545667 65.5921
547484 14.642 16.2095 546802 66.2248
548604 4.84402 15.7217 545611 65.7329
545272 5.26234 13.8474 545272 63.8582
550383 13.2214 15.3095 545628 65.3208
546185 4.16036 15.3443 546185 65.3587
545906 3.20382 10.6703 545906 60.6842
546849 6.57654 18.2412 546237 68.2567
546480 13.1459 14.6207 546480 64.6314
data/PSC3-C4-50.txt 545272 545972 435.931 64.7988 2.00058
seed: 1591
544551 8.62115 23.7179 542152 73.7295
542624 5.51278 26.0875 541849 73.4669
542624 12.9546 23.7105 541849 71.1509
545974 7.61774 23.184 541849 73.1963
543905 19.9937 21.7439 541849 47.1395
544981 7.79302 20.8832 541849 62.9353
542624 13.5931 26.6458 541848 49.854
547772 9.49359 31.363 541849 70.8978
543287 3.05646 15.8048 542265 65.8161
543006 9.88891 21.0122 541848 52.1873
data/PSC4-C4-50.txt 541848 541921 146.102 64.0374 9.97956
seed: 2046
538543 4.1203 15.6783 537782 43.8732
538009 7.72391 22.4033 537782 67.8694
538849 8.7063 19.7327 537782 33.0752
538219 14.8466 16.9311 537782 42.1967
538364 6.09072 17.2818 537782 41.3399
538847 3.5136 13.2837 537782 43.4332
538364 7.41783 20.0739 537781 48.1065
541835 11.6525 13.3561 537782 41.6469
539170 5.55126 17.1237 537782 61.6226
537968 22.1895 24.0449 537782 38.1302
data/PSC5-C4-50.txt 537781 537782 0.3 46.1294 10.1086
seed: 1471
2780754 2.8459 11.3112 2775499 61.326
2778182 5.38891 19.6514 2775499 69.6683
2781192 3.25715 13.8001 2776785 63.8172
2782919 4.26573 14.1846 2775499 64.201
2778168 18.9652 20.6516 2776196 70.668
2777697 6.26869 18.8721 2776196 68.8841
2778404 4.42802 15.0775 2775499 65.0925
2779896 6.28064 16.7268 2775499 66.7419
2777490 7.01823 19.6901 2775499 69.7021
2776873 6.14383 19.5938 2775499 69.6066
data/PSC1-C5-50.txt 2775499 2.77577e+06 436.712 66.9708 3.0344
seed: 1488
2783905 16.1054 17.8026 2781563 67.8223
2781563 17.8482 20.16 2781563 70.1754
2781671 7.47034 17.1452 2781563 67.1595
2781780 12.8519 28.1968 2781780 78.212
2783744 6.26913 21.2293 2781563 71.244
2783139 9.31741 32.7984 2781496 82.8103
2782032 19.8972 21.7245 2782032 71.74
2781563 6.37753 20.6183 2781496 70.63
2788041 3.33844 16.6872 2781563 66.699
2781780 8.93849 25.4088 2781780 75.4208
data/PSC2-C5-50.txt 2781496 2.78164e+06 162.475 72.1913 4.91545
seed: 1497
2775064 4.0433 12.2786 2767634 62.2886
2767634 19.5629 21.5403 2767634 71.5528
2768942 13.4478 34.3991 2768942 84.4112
2771912 3.91796 14.125 2768955 64.1362
2774993 3.72605 12.6987 2769510 62.7093
2771361 4.80075 15.3403 2768787 65.3521
2770570 16.7838 19.3667 2768906 69.3815
2772419 5.09612 16.5209 2768601 66.5322
2772283 3.69856 13.1841 2769257 63.1986
2773822 4.18598 13.2462 2768965 63.261
data/PSC3-C5-50.txt 2767634 2.76872e+06 590.68 67.2824 6.39473
seed: 1671
2778221 8.27696 19.3228 2778221 69.3395
2780045 4.49493 16.1013 2780045 66.1128
2778221 4.06131 15.2058 2778221 65.2164
2778221 5.92467 18.3556 2778221 68.3664
2778221 5.06412 15.1299 2778221 65.1402
2778933 3.35582 26.964 2778655 76.9705
2778567 8.34952 23.1795 2778388 73.1875
2778221 5.62077 15.6479 2778221 65.655
2778221 8.6281 18.7278 2778221 68.7393
2777307 19.4634 21.3844 2777307 71.3962
data/PSC4-C5-50.txt 2777307 2.77837e+06 644.229 69.0124 3.68956
seed: 1561
2737452 8.26354 22.2526 2736126 72.2711
2737210 23.26 26.2685 2736372 76.284
2739822 6.21253 21.2387 2736126 71.2543
2738873 6.15589 18.1817 2737747 68.1956
2739241 4.58268 14.6762 2735742 64.6879
2739772 15.7168 17.2364 2736656 67.2524
2737986 7.10506 22.9879 2735567 73.0027
2737754 8.67401 23.3149 2736126 73.3263
2738745 21.1283 23.3301 2736388 73.3453
2738745 19.7505 21.9367 2736388 71.9515
data/PSC5-C5-50.txt 2735567 2.73632e+06 563.474 71.1571 3.27008
-----------------------------ALNS 50-------------------------------------------------------
seed: 55352
seed: 55043
seed: 42903
-----------------------------TTT ALNS 50-------------------------------------------------------
seed: 52889
-----------------------------TTT ALNS 50-------------------------------------------------------
seed: 66170
-----------------------------TTT ALNS 50-------------------------------------------------------
seed: 52244
-----------------------------ALNS 50-------------------------------------------------------
seed: 45068
seed: 11290944
seed: 24147439
seed: 35249148
seed: 46887083
seed: 60749288
seed: 73318401
-----------------------------ALNS 50-------------------------------------------------------
seed: 49571
-----------------------------ALNS 50-------------------------------------------------------
seed: 52375
seed: 15090533
seed: 33399086
seed: 47638294
seed: 58278575
-----------------------------ALNS 50-------------------------------------------------------
seed: 36477
-----------------------------ALNS 50-------------------------------------------------------
Usage:
	bin/ALNS50 <input_instance_name> <tempo_limite> <iter> <gen> <alpha>
	<input_instance_name>: nome do arquivo de entrada
	<iter>: numero de iteracoes do algoritmo
	<alpha>: entre 0 e 1 
	<maxiter>: maximo de iteraes do GRASP 
	<gama>: Tamanho dos clusters
	<maxvolume>: volume maximo de um cluster
	<ineficiency_max>: ineficiencia maximade um cluster
	<delta>: delta do destrutivo
	<alpha2>: alpha do reparador 
	<sigma>: sigma do destrutivo
	<timeLB>: tempo do Local Branching
	<seed>: Seed do algoritmo
Usage:
	bin/ALNS50 <input_instance_name> <tempo_limite> <iter> <gen> <alpha>
	<input_instance_name>: nome do arquivo de entrada
	<iter>: numero de iteracoes do algoritmo
	<alpha>: entre 0 e 1 
	<maxiter>: maximo de iteraes do GRASP 
	<gama>: Tamanho dos clusters
	<maxvolume>: volume maximo de um cluster
	<ineficiency_max>: ineficiencia maximade um cluster
	<delta>: delta do destrutivo
	<alpha2>: alpha do reparador 
	<sigma>: sigma do destrutivo
	<timeLB>: tempo do Local Branching
	<seed>: Seed do algoritmo
Usage:
	bin/ALNS50 <input_instance_name> <tempo_limite> <iter> <gen> <alpha>
	<input_instance_name>: nome do arquivo de entrada
	<iter>: numero de iteracoes do algoritmo
	<alpha>: entre 0 e 1 
	<maxiter>: maximo de iteraes do GRASP 
	<gama>: Tamanho dos clusters
	<maxvolume>: volume maximo de um cluster
	<ineficiency_max>: ineficiencia maximade um cluster
	<delta>: delta do destrutivo
	<alpha2>: alpha do reparador 
	<sigma>: sigma do destrutivo
	<timeLB>: tempo do Local Branching
	<seed>: Seed do algoritmo
Usage:
	bin/ALNS50 <input_instance_name> <tempo_limite> <iter> <gen> <alpha>
	<input_instance_name>: nome do arquivo de entrada
	<iter>: numero de iteracoes do algoritmo
	<alpha>: entre 0 e 1 
	<maxiter>: maximo de iteraes do GRASP 
	<gama>: Tamanho dos clusters
	<maxvolume>: volume maximo de um cluster
	<ineficiency_max>: ineficiencia maximade um cluster
	<delta>: delta do destrutivo
	<alpha2>: alpha do reparador 
	<sigma>: sigma do destrutivo
	<timeLB>: tempo do Local Branching
	<seed>: Seed do algoritmo
Usage:
	bin/ALNS50 <input_instance_name> <tempo_limite> <iter> <gen> <alpha>
	<input_instance_name>: nome do arquivo de entrada
	<iter>: numero de iteracoes do algoritmo
	<alpha>: entre 0 e 1 
	<maxiter>: maximo de iteraes do GRASP 
	<gama>: Tamanho dos clusters
	<maxvolume>: volume maximo de um cluster
	<ineficiency_max>: ineficiencia maximade um cluster
	<delta>: delta do destrutivo
	<alpha2>: alpha do reparador 
	<sigma>: sigma do destrutivo
	<timeLB>: tempo do Local Branching
	<seed>: Seed do algoritmo
Usage:
	bin/ALNS50 <input_instance_name> <tempo_limite> <iter> <gen> <alpha>
	<input_instance_name>: nome do arquivo de entrada
	<iter>: numero de iteracoes do algoritmo
	<alpha>: entre 0 e 1 
	<maxiter>: maximo de iteraes do GRASP 
	<gama>: Tamanho dos clusters
	<maxvolume>: volume maximo de um cluster
	<ineficiency_max>: ineficiencia maximade um cluster
	<delta>: delta do destrutivo
	<alpha2>: alpha do reparador 
	<sigma>: sigma do destrutivo
	<timeLB>: tempo do Local Branching
	<seed>: Seed do algoritmo
Usage:
	bin/ALNS50 <input_instance_name> <tempo_limite> <iter> <gen> <alpha>
	<input_instance_name>: nome do arquivo de entrada
	<iter>: numero de iteracoes do algoritmo
	<alpha>: entre 0 e 1 
	<maxiter>: maximo de iteraes do GRASP 
	<gama>: Tamanho dos clusters
	<maxvolume>: volume maximo de um cluster
	<ineficiency_max>: ineficiencia maximade um cluster
	<delta>: delta do destrutivo
	<alpha2>: alpha do reparador 
	<sigma>: sigma do destrutivo
	<timeLB>: tempo do Local Branching
	<seed>: Seed do algoritmo
Usage:
	bin/ALNS50 <input_instance_name> <tempo_limite> <iter> <gen> <alpha>
	<input_instance_name>: nome do arquivo de entrada
	<iter>: numero de iteracoes do algoritmo
	<alpha>: entre 0 e 1 
	<maxiter>: maximo de iteraes do GRASP 
	<gama>: Tamanho dos clusters
	<maxvolume>: volume maximo de um cluster
	<ineficiency_max>: ineficiencia maximade um cluster
	<delta>: delta do destrutivo
	<alpha2>: alpha do reparador 
	<sigma>: sigma do destrutivo
	<timeLB>: tempo do Local Branching
	<seed>: Seed do algoritmo
Usage:
	bin/ALNS50 <input_instance_name> <tempo_limite> <iter> <gen> <alpha>
	<input_instance_name>: nome do arquivo de entrada
	<iter>: numero de iteracoes do algoritmo
	<alpha>: entre 0 e 1 
	<maxiter>: maximo de iteraes do GRASP 
	<gama>: Tamanho dos clusters
	<maxvolume>: volume maximo de um cluster
	<ineficiency_max>: ineficiencia maximade um cluster
	<delta>: delta do destrutivo
	<alpha2>: alpha do reparador 
	<sigma>: sigma do destrutivo
	<timeLB>: tempo do Local Branching
	<seed>: Seed do algoritmo
Usage:
	bin/ALNS50 <input_instance_name> <tempo_limite> <iter> <gen> <alpha>
	<input_instance_name>: nome do arquivo de entrada
	<iter>: numero de iteracoes do algoritmo
	<alpha>: entre 0 e 1 
	<maxiter>: maximo de iteraes do GRASP 
	<gama>: Tamanho dos clusters
	<maxvolume>: volume maximo de um cluster
	<ineficiency_max>: ineficiencia maximade um cluster
	<delta>: delta do destrutivo
	<alpha2>: alpha do reparador 
	<sigma>: sigma do destrutivo
	<timeLB>: tempo do Local Branching
	<seed>: Seed do algoritmo
Usage:
	bin/ALNS50 <input_instance_name> <tempo_limite> <iter> <gen> <alpha>
	<input_instance_name>: nome do arquivo de entrada
	<iter>: numero de iteracoes do algoritmo
	<alpha>: entre 0 e 1 
	<maxiter>: maximo de iteraes do GRASP 
	<gama>: Tamanho dos clusters
	<maxvolume>: volume maximo de um cluster
	<ineficiency_max>: ineficiencia maximade um cluster
	<delta>: delta do destrutivo
	<alpha2>: alpha do reparador 
	<sigma>: sigma do destrutivo
	<timeLB>: tempo do Local Branching
	<seed>: Seed do algoritmo
Usage:
	bin/ALNS50 <input_instance_name> <tempo_limite> <iter> <gen> <alpha>
	<input_instance_name>: nome do arquivo de entrada
	<iter>: numero de iteracoes do algoritmo
	<alpha>: entre 0 e 1 
	<maxiter>: maximo de iteraes do GRASP 
	<gama>: Tamanho dos clusters
	<maxvolume>: volume maximo de um cluster
	<ineficiency_max>: ineficiencia maximade um cluster
	<delta>: delta do destrutivo
	<alpha2>: alpha do reparador 
	<sigma>: sigma do destrutivo
	<timeLB>: tempo do Local Branching
	<seed>: Seed do algoritmo
Usage:
	bin/ALNS50 <input_instance_name> <tempo_limite> <iter> <gen> <alpha>
	<input_instance_name>: nome do arquivo de entrada
	<iter>: numero de iteracoes do algoritmo
	<alpha>: entre 0 e 1 
	<maxiter>: maximo de iteraes do GRASP 
	<gama>: Tamanho dos clusters
	<maxvolume>: volume maximo de um cluster
	<ineficiency_max>: ineficiencia maximade um cluster
	<delta>: delta do destrutivo
	<alpha2>: alpha do reparador 
	<sigma>: sigma do destrutivo
	<timeLB>: tempo do Local Branching
	<seed>: Seed do algoritmo
Usage:
	bin/ALNS50 <input_instance_name> <tempo_limite> <iter> <gen> <alpha>
	<input_instance_name>: nome do arquivo de entrada
	<iter>: numero de iteracoes do algoritmo
	<alpha>: entre 0 e 1 
	<maxiter>: maximo de iteraes do GRASP 
	<gama>: Tamanho dos clusters
	<maxvolume>: volume maximo de um cluster
	<ineficiency_max>: ineficiencia maximade um cluster
	<delta>: delta do destrutivo
	<alpha2>: alpha do reparador 
	<sigma>: sigma do destrutivo
	<timeLB>: tempo do Local Branching
	<seed>: Seed do algoritmo
Usage:
	bin/ALNS50 <input_instance_name> <tempo_limite> <iter> <gen> <alpha>
	<input_instance_name>: nome do arquivo de entrada
	<iter>: numero de iteracoes do algoritmo
	<alpha>: entre 0 e 1 
	<maxiter>: maximo de iteraes do GRASP 
	<gama>: Tamanho dos clusters
	<maxvolume>: volume maximo de um cluster
	<ineficiency_max>: ineficiencia maximade um cluster
	<delta>: delta do destrutivo
	<alpha2>: alpha do reparador 
	<sigma>: sigma do destrutivo
	<timeLB>: tempo do Local Branching
	<seed>: Seed do algoritmo
Usage:
	bin/ALNS50 <input_instance_name> <tempo_limite> <iter> <gen> <alpha>
	<input_instance_name>: nome do arquivo de entrada
	<iter>: numero de iteracoes do algoritmo
	<alpha>: entre 0 e 1 
	<maxiter>: maximo de iteraes do GRASP 
	<gama>: Tamanho dos clusters
	<maxvolume>: volume maximo de um cluster
	<ineficiency_max>: ineficiencia maximade um cluster
	<delta>: delta do destrutivo
	<alpha2>: alpha do reparador 
	<sigma>: sigma do destrutivo
	<timeLB>: tempo do Local Branching
	<seed>: Seed do algoritmo
Usage:
	bin/ALNS50 <input_instance_name> <tempo_limite> <iter> <gen> <alpha>
	<input_instance_name>: nome do arquivo de entrada
	<iter>: numero de iteracoes do algoritmo
	<alpha>: entre 0 e 1 
	<maxiter>: maximo de iteraes do GRASP 
	<gama>: Tamanho dos clusters
	<maxvolume>: volume maximo de um cluster
	<ineficiency_max>: ineficiencia maximade um cluster
	<delta>: delta do destrutivo
	<alpha2>: alpha do reparador 
	<sigma>: sigma do destrutivo
	<timeLB>: tempo do Local Branching
	<seed>: Seed do algoritmo
Usage:
	bin/ALNS50 <input_instance_name> <tempo_limite> <iter> <gen> <alpha>
	<input_instance_name>: nome do arquivo de entrada
	<iter>: numero de iteracoes do algoritmo
	<alpha>: entre 0 e 1 
	<maxiter>: maximo de iteraes do GRASP 
	<gama>: Tamanho dos clusters
	<maxvolume>: volume maximo de um cluster
	<ineficiency_max>: ineficiencia maximade um cluster
	<delta>: delta do destrutivo
	<alpha2>: alpha do reparador 
	<sigma>: sigma do destrutivo
	<timeLB>: tempo do Local Branching
	<seed>: Seed do algoritmo
Usage:
	bin/ALNS50 <input_instance_name> <tempo_limite> <iter> <gen> <alpha>
	<input_instance_name>: nome do arquivo de entrada
	<iter>: numero de iteracoes do algoritmo
	<alpha>: entre 0 e 1 
	<maxiter>: maximo de iteraes do GRASP 
	<gama>: Tamanho dos clusters
	<maxvolume>: volume maximo de um cluster
	<ineficiency_max>: ineficiencia maximade um cluster
	<delta>: delta do destrutivo
	<alpha2>: alpha do reparador 
	<sigma>: sigma do destrutivo
	<timeLB>: tempo do Local Branching
	<seed>: Seed do algoritmo
Usage:
	bin/ALNS50 <input_instance_name> <tempo_limite> <iter> <gen> <alpha>
	<input_instance_name>: nome do arquivo de entrada
	<iter>: numero de iteracoes do algoritmo
	<alpha>: entre 0 e 1 
	<maxiter>: maximo de iteraes do GRASP 
	<gama>: Tamanho dos clusters
	<maxvolume>: volume maximo de um cluster
	<ineficiency_max>: ineficiencia maximade um cluster
	<delta>: delta do destrutivo
	<alpha2>: alpha do reparador 
	<sigma>: sigma do destrutivo
	<timeLB>: tempo do Local Branching
	<seed>: Seed do algoritmo
Usage:
	bin/ALNS50 <input_instance_name> <tempo_limite> <iter> <gen> <alpha>
	<input_instance_name>: nome do arquivo de entrada
	<iter>: numero de iteracoes do algoritmo
	<alpha>: entre 0 e 1 
	<maxiter>: maximo de iteraes do GRASP 
	<gama>: Tamanho dos clusters
	<maxvolume>: volume maximo de um cluster
	<ineficiency_max>: ineficiencia maximade um cluster
	<delta>: delta do destrutivo
	<alpha2>: alpha do reparador 
	<sigma>: sigma do destrutivo
	<timeLB>: tempo do Local Branching
	<seed>: Seed do algoritmo
Usage:
	bin/ALNS50 <input_instance_name> <tempo_limite> <iter> <gen> <alpha>
	<input_instance_name>: nome do arquivo de entrada
	<iter>: numero de iteracoes do algoritmo
	<alpha>: entre 0 e 1 
	<maxiter>: maximo de iteraes do GRASP 
	<gama>: Tamanho dos clusters
	<maxvolume>: volume maximo de um cluster
	<ineficiency_max>: ineficiencia maximade um cluster
	<delta>: delta do destrutivo
	<alpha2>: alpha do reparador 
	<sigma>: sigma do destrutivo
	<timeLB>: tempo do Local Branching
	<seed>: Seed do algoritmo
Usage:
	bin/ALNS50 <input_instance_name> <tempo_limite> <iter> <gen> <alpha>
	<input_instance_name>: nome do arquivo de entrada
	<iter>: numero de iteracoes do algoritmo
	<alpha>: entre 0 e 1 
	<maxiter>: maximo de iteraes do GRASP 
	<gama>: Tamanho dos clusters
	<maxvolume>: volume maximo de um cluster
	<ineficiency_max>: ineficiencia maximade um cluster
	<delta>: delta do destrutivo
	<alpha2>: alpha do reparador 
	<sigma>: sigma do destrutivo
	<timeLB>: tempo do Local Branching
	<seed>: Seed do algoritmo
Usage:
	bin/ALNS50 <input_instance_name> <tempo_limite> <iter> <gen> <alpha>
	<input_instance_name>: nome do arquivo de entrada
	<iter>: numero de iteracoes do algoritmo
	<alpha>: entre 0 e 1 
	<maxiter>: maximo de iteraes do GRASP 
	<gama>: Tamanho dos clusters
	<maxvolume>: volume maximo de um cluster
	<ineficiency_max>: ineficiencia maximade um cluster
	<delta>: delta do destrutivo
	<alpha2>: alpha do reparador 
	<sigma>: sigma do destrutivo
	<timeLB>: tempo do Local Branching
	<seed>: Seed do algoritmo
Usage:
	bin/ALNS50 <input_instance_name> <tempo_limite> <iter> <gen> <alpha>
	<input_instance_name>: nome do arquivo de entrada
	<iter>: numero de iteracoes do algoritmo
	<alpha>: entre 0 e 1 
	<maxiter>: maximo de iteraes do GRASP 
	<gama>: Tamanho dos clusters
	<maxvolume>: volume maximo de um cluster
	<ineficiency_max>: ineficiencia maximade um cluster
	<delta>: delta do destrutivo
	<alpha2>: alpha do reparador 
	<sigma>: sigma do destrutivo
	<timeLB>: tempo do Local Branching
	<seed>: Seed do algoritmo
-----------------------------ALNS 100-------------------------------------------------------
seed: 114730
-----------------------------ALNS 50-------------------------------------------------------
-----------------------------ALNS 100-------------------------------------------------------
-----------------------------ALNS 50-------------------------------------------------------
-----------------------------ALNS 100-------------------------------------------------------
-----------------------------ALNS 50-------------------------------------------------------
-----------------------------ALNS 100-------------------------------------------------------
-----------------------------ALNS 50-------------------------------------------------------
-----------------------------ALNS 100-------------------------------------------------------
-----------------------------ALNS 50-------------------------------------------------------
-----------------------------ALNS 100-------------------------------------------------------
-----------------------------ALNS 50-------------------------------------------------------
-----------------------------ALNS 100-------------------------------------------------------
-----------------------------ALNS 50-------------------------------------------------------
-----------------------------ALNS 100-------------------------------------------------------
-----------------------------ALNS 50-------------------------------------------------------
-----------------------------ALNS 100-------------------------------------------------------
-----------------------------ALNS 50-------------------------------------------------------
-----------------------------ALNS 100-------------------------------------------------------
