data/PSC1-C1-50.txt 722178 722178 0 22.6475 0.49864
data/PSC2-C1-50.txt 732194 732194 0 33.7588 2.63634
data/PSC3-C1-50.txt 733473 733473 0 39.8732 2.32514
data/PSC4-C1-50.txt 725147 725147 0 27.4814 1.61785
data/PSC5-C1-50.txt 719431 719431 0 46.2635 7.09696
data/PSC1-C2-50.txt 492746 492747 0.4 16.3923 1.21608
data/PSC2-C2-50.txt 494203 494203 0 18.112 1.45486
data/PSC3-C2-50.txt 495089 495089 0 44.8229 7.13568
data/PSC4-C2-50.txt 492107 492107 0 23.1504 7.92874
data/PSC5-C2-50.txt 489624 489625 0.3 17.7236 1.29106
data/PSC1-C3-50.txt 2690718 2693000 1556.39 44.4249 4.37806
data/PSC2-C3-50.txt 2700100 2702500 2238.65 44.8559 12.6073
data/PSC3-C3-50.txt 2680694 2681850 1369.25 56.7345 6.11506
data/PSC4-C3-50.txt 2696693 2697870 1118.52 50.9882 8.65206
data/PSC5-C3-50.txt 2647011 2650250 2058.72 49.1439 4.04142
data/PSC1-C4-50.txt 541803 541880 230.7 44.266 15.2327
data/PSC2-C4-50.txt 539718 539738 59.1 58.7005 10.7601
data/PSC3-C4-50.txt 544684 545616 758.396 61.4582 3.96994
data/PSC4-C4-50.txt 541849 542002 153.275 57.7272 5.23171
data/PSC5-C4-50.txt 537781 537800 55.8341 45.8767 8.47364
data/PSC1-C5-50.txt 2775499 2776710 853.413 51.3185 4.6065
data/PSC2-C5-50.txt 2781563 2781870 551.389 54.0161 7.65976
data/PSC3-C5-50.txt 2767634 2770070 1728.56 48.1828 5.00524
data/PSC4-C5-50.txt 2777307 2777780 545.264 51.5536 6.88753
data/PSC5-C5-50.txt 2735567 2736640 813.842 50.6836 6.37882
-----------------------------Sem Busca Local - Sem Local Branching-------------------------------------------------------
data/PSC1-C1-50.txt 726631 727679 800.099 20.0777 0.34805
data/PSC2-C1-50.txt 734239 736279 1086.21 20.213 0.614694
data/PSC3-C1-50.txt 734487 734994 432.984 19.9562 0.173251
data/PSC4-C1-50.txt 726583 727366 655.774 20.2009 0.335844
data/PSC5-C1-50.txt 721851 723097 1092.63 19.6711 0.279701
data/PSC1-C2-50.txt 496099 496971 700.22 13.1483 0.686844
data/PSC2-C2-50.txt 497234 498686 771.342 12.6664 0.803106
data/PSC3-C2-50.txt 498066 500556 2138.55 13.4025 0.337411
data/PSC4-C2-50.txt 493640 497598 1879.45 13.967 0.931905
data/PSC5-C2-50.txt 492363 493538 1408.58 13.0196 0.925637
data/PSC1-C3-50.txt 2696787 2.70215e+06 2428.47 10.7707 0.809805
data/PSC2-C3-50.txt 2704529 2.7076e+06 1752.81 11.3826 3.11043
data/PSC3-C3-50.txt 2688202 2.69349e+06 3057.02 11.0222 1.86325
data/PSC4-C3-50.txt 2698615 2.70127e+06 1899.01 9.45309 0.693565
data/PSC5-C3-50.txt 2649907 2.65792e+06 4611.55 9.65585 1.4442
data/PSC1-C4-50.txt 548166 551160 1878.57 13.3214 0.835646
data/PSC2-C4-50.txt 545181 551276 3580.16 14.0698 1.18804
data/PSC3-C4-50.txt 548977 552521 2173.72 13.3028 0.834903
data/PSC4-C4-50.txt 547580 553220 3267.97 14.7766 1.89965
data/PSC5-C4-50.txt 542481 545980 1953.21 13.6839 1.11107
data/PSC1-C5-50.txt 2784476 2.78646e+06 1263.55 12.302 1.09535
data/PSC2-C5-50.txt 2790872 2.79403e+06 2051.82 13.156 1.39366
data/PSC3-C5-50.txt 2780607 2.78373e+06 2039.12 12.3398 0.722012
data/PSC4-C5-50.txt 2781460 2.78563e+06 2163.1 11.6717 0.862149
data/PSC5-C5-50.txt 2743450 2.74816e+06 2216.09 12.2185 1.83459
-----------------------------sem Busca Local - Sem Local Branching-------------------------------------------------------
data/PSC1-C1-50.txt 725440 726821 793.055 19.6039 0.266006
data/PSC2-C1-50.txt 735356 736891 1083.09 19.3623 0.387536
data/PSC3-C1-50.txt 734487 735174 521.541 19.7102 0.199469
data/PSC4-C1-50.txt 725387 727893 1570.34 19.2503 0.138026
data/PSC5-C1-50.txt 721986 722694 542.181 18.7458 0.134731
data/PSC1-C2-50.txt 495816 497382 1114.52 10.6658 0.16518
data/PSC2-C2-50.txt 499050 500525 1321.32 9.82416 0.192812
data/PSC3-C2-50.txt 499078 501030 2026.6 11.3454 0.241087
data/PSC4-C2-50.txt 496010 497879 1148 10.7165 0.127836
data/PSC5-C2-50.txt 490765 492829 1364.09 10.7802 0.18116
data/PSC1-C3-50.txt 2700662 2.70352e+06 1650.5 5.51647 0.0912772
data/PSC2-C3-50.txt 2702128 2.70799e+06 2779.57 5.55137 0.119046
data/PSC3-C3-50.txt 2690636 2.69234e+06 1577.77 5.63041 0.0945175
data/PSC4-C3-50.txt 2698797 2.7013e+06 2472.04 5.72191 0.0581819
data/PSC5-C3-50.txt 2651677 2.65626e+06 2636.59 5.58803 0.0863567
data/PSC1-C4-50.txt 549677 552010 1295.76 10.6665 0.148022
data/PSC2-C4-50.txt 547471 552038 2875.53 9.97129 0.15255
data/PSC3-C4-50.txt 548670 552944 2095.77 11.0383 0.22786
data/PSC4-C4-50.txt 547131 553282 2953.63 10.5317 0.16617
data/PSC5-C4-50.txt 542207 545070 1597.97 10.4918 0.228534
data/PSC1-C5-50.txt 2782563 2.78604e+06 1888.71 8.35628 0.142289
data/PSC2-C5-50.txt 2788987 2.7931e+06 2226.26 8.28434 0.0661229
data/PSC3-C5-50.txt 2780947 2.78346e+06 1616.1 8.39452 0.0988829
data/PSC4-C5-50.txt 2783955 2.78872e+06 2271.55 8.28242 0.0919735
data/PSC5-C5-50.txt 2745947 2.74868e+06 1844.29 8.15065 0.162854
-----------------------------com Busca Local - Sem Local Branching-------------------------------------------------------
data/PSC1-C1-50.txt 726595 727330 626.887 19.8642 0.265049
data/PSC2-C1-50.txt 733705 734996 1062.42 20.1754 0.310707
data/PSC3-C1-50.txt 734789 735583 874.375 19.8354 0.188007
data/PSC4-C1-50.txt 726924 728362 1153.12 20.4747 0.510258
data/PSC5-C1-50.txt 721737 723112 865.139 19.4287 0.239562
data/PSC1-C2-50.txt 495605 496886 709.131 13.0543 0.844307
data/PSC2-C2-50.txt 497873 499921 1468.6 12.9082 0.870207
data/PSC3-C2-50.txt 497469 499941 1916.52 12.8475 0.501131
data/PSC4-C2-50.txt 495500 497471 978.204 13.4548 0.611801
data/PSC5-C2-50.txt 491679 493251 926.646 12.3665 0.727705
data/PSC1-C3-50.txt 2699291 2.70283e+06 1937.54 10.6437 1.27215
data/PSC2-C3-50.txt 2702128 2.70794e+06 2499.12 10.067 1.30145
data/PSC3-C3-50.txt 2692438 2.69388e+06 938.32 10.2823 0.825073
data/PSC4-C3-50.txt 2696221 2.70278e+06 4381.12 9.5131 1.44669
data/PSC5-C3-50.txt 2652406 2.65798e+06 3742.19 9.8154 1.70074
data/PSC1-C4-50.txt 549483 551462 1482.72 13.2757 0.702763
data/PSC2-C4-50.txt 546177 551698 2657.91 13.9308 0.593507
data/PSC3-C4-50.txt 548087 551820 2296.07 13.2458 0.432527
data/PSC4-C4-50.txt 548553 550736 1834.16 13.9653 0.742651
data/PSC5-C4-50.txt 543462 546829 1773.12 13.6592 0.814546
data/PSC1-C5-50.txt 2782056 2.78509e+06 2090.72 11.6423 1.27901
data/PSC2-C5-50.txt 2789737 2.79327e+06 2992.68 12.7117 1.08402
data/PSC3-C5-50.txt 2778831 2.78236e+06 2023.29 11.6112 1.10502
data/PSC4-C5-50.txt 2785401 2.78723e+06 1338.72 12.9694 1.55782
data/PSC5-C5-50.txt 2744449 2.74739e+06 1504.39 11.3009 0.870782
-----------------------------sem Busca Local - com Local Branching-------------------------------------------------------
data/PSC1-C1-50.txt 722178 722178 0 20.8479 0.294005
data/PSC2-C1-50.txt 732194 732194 0 28.9065 2.9516
data/PSC3-C1-50.txt 733473 733473 0 33.4476 2.3655
data/PSC4-C1-50.txt 725147 725147 0 26.5568 1.34322
data/PSC5-C1-50.txt 719430 719431 0.3 43.8725 8.43052
data/PSC1-C2-50.txt 492746 492747 0.458258 12.737 0.510487
data/PSC2-C2-50.txt 494203 494203 0 14.6476 0.629649
data/PSC3-C2-50.txt 495089 495089 0 33.5651 6.27881
data/PSC4-C2-50.txt 492107 492107 0 23.2308 12.4242
data/PSC5-C2-50.txt 489625 489625 0 13.2329 0.782667
data/PSC1-C3-50.txt 2688960 2.69305e+06 3002.53 21.5293 0.0742112
data/PSC2-C3-50.txt 2700552 2.70499e+06 5673.95 22.1877 0.567605
data/PSC3-C3-50.txt 2680694 2.68212e+06 1796.02 21.9167 0.538851
data/PSC4-C3-50.txt 2692881 2.69834e+06 2876.07 21.9213 0.52393
data/PSC5-C3-50.txt 2646460 2.64871e+06 1907.95 22.1504 0.647292
data/PSC1-C4-50.txt 541802 541803 0.458258 29.7227 8.01165
data/PSC2-C4-50.txt 539718 539870 262.266 35.2836 4.73079
data/PSC3-C4-50.txt 544684 546113 859.912 43.503 0.86563
data/PSC4-C4-50.txt 541849 542210 374.617 40.4987 2.87415
data/PSC5-C4-50.txt 537782 537822 84.571 36.7289 2.69402
data/PSC1-C5-50.txt 2776785 2.77722e+06 787.414 33.357 0.6741
data/PSC2-C5-50.txt 2781563 2.7821e+06 658.834 32.2257 0.0573165
data/PSC3-C5-50.txt 2767634 2.76953e+06 2202.76 33.5082 0.541279
data/PSC4-C5-50.txt 2777307 2.77897e+06 1488.42 32.9836 0.547608
data/PSC5-C5-50.txt 2735742 2.73665e+06 740.154 32.6283 0.538081
-----------------------------com Busca Local - com Local Branching-------------------------------------------------------
data/PSC1-C1-50.txt 722178 722178 0 21.067 0.42371
data/PSC2-C1-50.txt 732194 732194 0 29.5862 2.69394
data/PSC3-C1-50.txt 733473 733473 0 33.9427 1.91547
data/PSC4-C1-50.txt 725147 725147 0 25.5635 1.774
data/PSC5-C1-50.txt 719430 719430 0.489898 42.2616 4.43796
data/PSC1-C2-50.txt 492747 492747 0 14.8468 1.08759
data/PSC2-C2-50.txt 494203 494203 0 16.3845 0.743242
data/PSC3-C2-50.txt 495089 495089 0 37.5216 0.99305
data/PSC4-C2-50.txt 492107 492107 0 19.6763 8.59105
data/PSC5-C2-50.txt 489625 489625 0 14.3091 1.05638
data/PSC1-C3-50.txt 2690423 2.69206e+06 1357.82 41.6892 4.52858
data/PSC2-C3-50.txt 2700552 2.70423e+06 2375.05 39.0641 5.41751
data/PSC3-C3-50.txt 2680643 2.68129e+06 1192 42.9238 6.40514
data/PSC4-C3-50.txt 2695795 2.69758e+06 1605.17 37.6234 3.65074
data/PSC5-C3-50.txt 2646182 2.64764e+06 1634.8 43 4.2677
data/PSC1-C4-50.txt 541803 541880 230.538 35.3123 14.1006
data/PSC2-C4-50.txt 539718 539718 0 43.2938 9.49355
data/PSC3-C4-50.txt 544887 545617 562.818 52.8605 3.23967
data/PSC4-C4-50.txt 541848 542066 232.508 54.0234 10.4193
data/PSC5-C4-50.txt 537781 537782 0.4 42.6346 6.09963
data/PSC1-C5-50.txt 2775499 2.77643e+06 531.708 44.4699 4.4829
data/PSC2-C5-50.txt 2781496 2.78186e+06 385.075 50.5379 6.61179
data/PSC3-C5-50.txt 2767634 2.76974e+06 1872.22 46.603 2.1975
data/PSC4-C5-50.txt 2777307 2.77787e+06 705.182 47.6937 5.23264
data/PSC5-C5-50.txt 2735742 2.73668e+06 496.658 47.6396 4.01111
-----------------------------sem Busca Local - Sem Local Branching-------------------------------------------------------
-----------------------------com Busca Local - Sem Local Branching-------------------------------------------------------
-----------------------------sem Busca Local - Sem Local Branching-------------------------------------------------------
-----------------------------sem Busca Local - Sem Local Branching-------------------------------------------------------
