-----------------------------Sem Busca Local - Sem Local Branching-------------------------------------------------------
data/PSC1-C1-100.txt 1494501 1.49944e+06 2778.66 129.741 2.6422
data/PSC2-C1-100.txt 1472777 1.47757e+06 2784.89 137.02 9.75871
data/PSC3-C1-100.txt 1508364 1.50966e+06 1251.51 142.404 2.2008
data/PSC4-C1-100.txt 1470282 1.47283e+06 1390.37 138.82 2.7497
data/PSC5-C1-100.txt 1504398 1.50923e+06 2532.46 151.333 3.73444
data/PSC1-C2-100.txt 983147 985223 1593.72 100.364 5.89809
data/PSC2-C2-100.txt 977222 979774 1511.45 92.7326 4.40343
data/PSC3-C2-100.txt 983719 985702 1016.17 94.6509 4.54015
data/PSC4-C2-100.txt 981535 984320 1213.82 83.9836 6.32766
data/PSC5-C2-100.txt 952330 956132 2243.87 67.9335 2.07316
data/PSC1-C3-100.txt 5315018 5.32046e+06 2987 29.3008 0.383927
data/PSC2-C3-100.txt 5296671 5.30152e+06 2949.55 30.557 0.651316
data/PSC3-C3-100.txt 5240270 5.24411e+06 2594.67 30.7067 0.302838
data/PSC4-C3-100.txt 5334038 5.33567e+06 1100.81 31.1561 0.512578
data/PSC5-C3-100.txt 5268516 5.27024e+06 1666.97 31.4548 0.365163
data/PSC1-C4-100.txt 1071002 1.07379e+06 2350.99 74.3482 1.27955
data/PSC2-C4-100.txt 1068520 1.0716e+06 2434.85 71.8698 1.90301
data/PSC3-C4-100.txt 1074484 1.0778e+06 2009.81 65.937 1.12604
data/PSC4-C4-100.txt 1066100 1.07387e+06 3296.2 63.9442 1.94435
data/PSC5-C4-100.txt 1073166 1.0769e+06 2163.81 63.7861 0.804484
data/PSC1-C5-100.txt 5523364 5.52976e+06 3821.57 53.3375 0.86944
data/PSC2-C5-100.txt 5502691 5.50698e+06 2971.47 52.1845 1.02846
data/PSC3-C5-100.txt 5463793 5.4675e+06 2700.71 52.2209 0.959684
data/PSC4-C5-100.txt 5530666 5.53576e+06 2785.4 51.3244 1.29
data/PSC5-C5-100.txt 5479476 5.48377e+06 2219.16 53.1412 1.82669
-----------------------------sem Busca Local - Sem Local Branching-------------------------------------------------------
data/PSC1-C1-100.txt 1493788 1.49795e+06 2339.73 129.613 2.25523
data/PSC2-C1-100.txt 1474544 1.47889e+06 2853.44 125.448 2.64281
data/PSC3-C1-100.txt 1506952 1.50987e+06 2074.78 125.406 3.13246
data/PSC4-C1-100.txt 1470564 1.47253e+06 1408.19 120.501 4.73989
data/PSC5-C1-100.txt 1501885 1.50759e+06 3293.99 125.54 2.18232
data/PSC1-C2-100.txt 980905 985920 2434.75 79.7523 2.7374
data/PSC2-C2-100.txt 977938 981130 1613.18 72.6871 1.48533
data/PSC3-C2-100.txt 982986 984920 1167.45 68.1143 1.74661
data/PSC4-C2-100.txt 981238 984716 1784.11 77.4143 1.17866
data/PSC5-C2-100.txt 953970 956036 1156.77 67.2352 1.03278
data/PSC1-C3-100.txt 5315458 5.32157e+06 3859.73 28.3856 0.477423
data/PSC2-C3-100.txt 5291972 5.30099e+06 4118.91 29.1333 0.583799
data/PSC3-C3-100.txt 5242316 5.24615e+06 3647.8 29.2524 0.311524
data/PSC4-C3-100.txt 5330553 5.33679e+06 3423.67 28.7695 0.515086
data/PSC5-C3-100.txt 5267297 5.27173e+06 3409.24 29.2398 0.440588
data/PSC1-C4-100.txt 1068732 1.07466e+06 3594.96 66.9458 1.65398
data/PSC2-C4-100.txt 1068242 1.07174e+06 2192.05 64.0346 1.69706
data/PSC3-C4-100.txt 1076696 1.07884e+06 1824.68 62.5274 1.25737
data/PSC4-C4-100.txt 1069798 1.07636e+06 3083.79 64.8741 1.91934
data/PSC5-C4-100.txt 1073048 1.07566e+06 1533.57 61.5515 0.975707
data/PSC1-C5-100.txt 5526588 5.52987e+06 1984.78 53.0586 0.65866
data/PSC2-C5-100.txt 5503407 5.50668e+06 2216.3 51.5957 0.54665
data/PSC3-C5-100.txt 5465678 5.46814e+06 1772.24 50.2037 0.494216
data/PSC4-C5-100.txt 5534770 5.53825e+06 2011.9 50.7697 0.564525
data/PSC5-C5-100.txt 5478629 5.48207e+06 2138.69 52.705 0.569351
-----------------------------com Busca Local - Sem Local Branching-------------------------------------------------------
data/PSC1-C1-100.txt 1496906 1.49914e+06 2113.4 171.695 8.94462
data/PSC2-C1-100.txt 1474314 1.47942e+06 3366.06 145.529 26.6118
data/PSC3-C1-100.txt 1507055 1.51071e+06 1767.23 143.942 20.0625
data/PSC4-C1-100.txt 1471528 1.47294e+06 1306.1 126.929 1.22178
data/PSC5-C1-100.txt 1502350 1.5062e+06 2601.91 158.541 10.6824
data/PSC1-C2-100.txt 983111 985888 2178.12 99.5722 6.69245
data/PSC2-C2-100.txt 976775 980748 2454.48 92.2815 3.35857
data/PSC3-C2-100.txt 983821 986132 1823.71 82.36 13.1972
data/PSC4-C2-100.txt 981475 984193 1294.86 93.3366 7.69268
data/PSC5-C2-100.txt 954781 956163 923.489 87.7135 4.99617
data/PSC1-C3-100.txt 5316190 5.32083e+06 2690.54 181.999 27.0851
data/PSC2-C3-100.txt 5293893 5.30052e+06 3634.83 209.787 44.397
data/PSC3-C3-100.txt 5239103 5.24639e+06 3337.13 129.207 39.0822
data/PSC4-C3-100.txt 5330633 5.33589e+06 2800.16 157.698 51.036
data/PSC5-C3-100.txt 5266258 5.26915e+06 1608.36 145.789 17.6002
data/PSC1-C4-100.txt 1067615 1.07258e+06 3018.75 93.4481 9.48342
data/PSC2-C4-100.txt 1065203 1.0702e+06 2485.19 97.8103 8.48918
data/PSC3-C4-100.txt 1075126 1.07758e+06 1411.88 72.7871 3.64299
data/PSC4-C4-100.txt 1070154 1.07492e+06 3223.83 95.204 8.34326
data/PSC5-C4-100.txt 1072057 1.07451e+06 1661.59 82.2117 5.61546
data/PSC1-C5-100.txt 5527816 5.53103e+06 2649.67 103.362 10.4068
data/PSC2-C5-100.txt 5501883 5.50625e+06 2801.18 95.9754 8.11212
data/PSC3-C5-100.txt 5461337 5.46829e+06 3187.83 88.0941 19.1735
-----------------------------com Busca Local - Sem Local Branching-------------------------------------------------------
data/PSC1-C1-100.txt 1482897 1.48446e+06 1317.8 180.795 5.3421
data/PSC2-C1-100.txt 1466482 1.47335e+06 2566.56 142.314 11.9014
data/PSC3-C1-100.txt 1497987 1.50449e+06 3353.48 154.351 18.7099
data/PSC4-C1-100.txt 1464569 1.4696e+06 1702.09 139.537 9.77938
data/PSC5-C1-100.txt 1494612 1.49929e+06 4456.22 168.392 18.2032
data/PSC1-C2-100.txt 976645 977530 498.7 102.438 3.56013
data/PSC2-C2-100.txt 972567 973786 697.934 94.4284 7.33931
data/PSC3-C2-100.txt 981696 982102 338.259 101.131 10.0558
data/PSC4-C2-100.txt 977302 978583 644.517 140.673 23.0123
data/PSC5-C2-100.txt 948352 948918 425.415 134.398 15.2715
data/PSC1-C3-100.txt 5299869 5.30217e+06 1575 271.048 53.4589
data/PSC2-C3-100.txt 5278671 5.27968e+06 769.596 280.418 74.6573
data/PSC3-C3-100.txt 5227517 5.23063e+06 2750.59 152.826 24.7185
data/PSC4-C3-100.txt 5316300 5.31716e+06 810.013 253.336 42.173
data/PSC5-C3-100.txt 5249852 5.25483e+06 2232.41 210.027 31.1074
data/PSC1-C4-100.txt 1062907 1.06439e+06 842.349 118.248 13.7088
data/PSC2-C4-100.txt 1057112 1.0598e+06 1735.11 113.533 19.8488
data/PSC3-C4-100.txt 1062377 1.07103e+06 2951.56 86.3277 17.2778
data/PSC4-C4-100.txt 1057872 1.0622e+06 2955.21 99.1461 8.73831
data/PSC5-C4-100.txt 1067125 1.06845e+06 1065.96 97.436 11.1478
data/PSC1-C5-100.txt 5515298 5.5172e+06 1188.52 118.547 23.7841
data/PSC2-C5-100.txt 5483437 5.48977e+06 2274.56 107.265 30.6885
data/PSC3-C5-100.txt 5448436 5.45881e+06 5196.85 85.2878 41.3313
data/PSC4-C5-100.txt 5522302 5.52394e+06 1449.45 91.9493 7.48662
data/PSC5-C5-100.txt 5472721 5.47383e+06 1641.28 79.8788 7.1908
-----------------------------sem Busca Local - com Local Branching-------------------------------------------------------
data/PSC4-C5-100.txt 5517285 5.5234e+06 2434.05 98.7632 37.5877
data/PSC5-C5-100.txt 5472620 5.47322e+06 669.941 80.6189 9.25445
-----------------------------sem Busca Local - com Local Branching-------------------------------------------------------
data/PSC1-C1-100.txt 1477398 1.47742e+06 42.537 521.333 64.4874
data/PSC2-C1-100.txt 1464441 1.46444e+06 8.1 220.553 48.6985
data/PSC3-C1-100.txt 1494399 1.49443e+06 35.0291 449.176 86.088
