-----------------------------ALNS-------------------------------------------------------
5038
-----------------------------ALNS-------------------------------------------------------
4875
data/PSC1-C1-50.txt 724399 724885 505.535 13.6735 1.50505
1297
data/PSC2-C1-50.txt 732761 733502 819.096 20.8173 2.53586
1249
data/PSC3-C1-50.txt 734177 734685 719.091 23.7498 6.47992
1290
data/PSC4-C1-50.txt 725297 725499 271.646 23.2266 3.12847
1358
data/PSC5-C1-50.txt 719624 720201 308.096 22.4166 6.88694
1322
data/PSC1-C2-50.txt 492747 493461 722.552 21.2217 2.69408
1289
data/PSC2-C2-50.txt 494213 494795 312.438 28.1156 4.44463
1407
data/PSC3-C2-50.txt 495089 495680 428.877 17.4061 3.12744
1318
data/PSC4-C2-50.txt 492107 492582 950 23.1669 5.31698
1328
